2.01324E-06
1.811973E-05
-2.129133E-05
-2.71429E-05
-5.716798E-05
-4.998394E-05
-7.054464E-05
-5.597128E-05
-2.155689E-05
-2.362278E-05
2.790155E-05
4.071921E-05
0.0001136276
0.0001433258
0.0002428888
0.000305073
0.0004263168
0.0005283653
0.000622627
0.0007461288
0.0008516795
0.0009761361
0.001067801
0.001183172
0.001257908
0.001322988
0.001385496
0.001451077
0.001475672
0.001493157
0.0015368
0.001598242
0.00164859
0.001700759
0.00179001
0.001838735
0.001928131
0.002010578
0.002064591
0.00215805
0.002251023
0.002321464
0.002410515
0.002417813
0.002441696
0.002426428
0.002427321
0.00239039
0.002294736
0.002206201
0.002121905
0.001965335
0.001844645
0.001684982
0.001580952
0.001418328
0.001293256
0.001139209
0.0009915386
0.0008486791
0.0007179233
0.0005783073
0.0004564676
0.0003672834
0.0002688645
0.0001989654
0.0001624797
0.0001339092
0.0001129895
0.0001237496
0.0001282784
0.0001538374
0.0001466113
0.0001129889
1.77825E-05
-9.274852E-05
-0.0002253471
-0.0004072746
-0.0006155052
-0.0008364057
-0.001086236
-0.00135041
-0.001602801
-0.001826307
-0.001981549
-0.002084718
-0.002182498
-0.002188697
-0.002129494
-0.00200546
-0.001834525
-0.0016241
-0.001353767
-0.001079668
-0.000812648
-0.0005534983
-0.0002870634
-2.846048E-05
0.0002239057
0.0004495529
0.0006644044
0.0008483746
0.0009972068
0.001085516
0.001127161
0.001108429
0.001068878
0.0009778972
0.0008401169
0.0006621646
0.0004415187
0.0001979289
-5.995963E-05
-0.0003415275
-0.0006389915
-0.0009161265
-0.001158327
-0.001371429
-0.001539939
-0.001683072
-0.00175211
-0.001783891
-0.001786073
-0.001743583
-0.00169049
-0.001629276
-0.001544405
-0.001450667
-0.001356779
-0.001277457
-0.00115972
-0.0009912138
-0.0007885204
-0.0005518084
-0.0002642517
6.945295E-05
0.0004452607
0.0008457495
0.001293238
0.001740603
0.00217191
0.002621372
0.003035166
0.00341309
0.00375428
0.004057424
0.00430386
0.004528531
0.004693463
0.004821733
0.004883309
0.004872212
0.004818197
0.00469532
0.00451833
0.004245092
0.00390747
0.003492516
0.002998883
0.002447592
0.001835338
0.001198157
0.0005343998
-0.00014669
-0.0008508113
-0.001543034
-0.002204302
-0.002824683
-0.003390549
-0.003894575
-0.004339325
-0.00471508
-0.005032516
-0.005286593
-0.005488956
-0.005606452
-0.005670755
-0.005667112
-0.005633891
-0.005555237
-0.005431517
-0.005254782
-0.005002266
-0.004683451
-0.004334611
-0.00394335
-0.00355619
-0.003167926
-0.002780919
-0.002403478
-0.00205959
-0.001740979
-0.001438114
-0.001189533
-0.0009795818
-0.0008176146
-0.0007053626
-0.0006341176
-0.0005939311
-0.0005884432
-0.0005975863
-0.0006335377
-0.0006821867
-0.0007185697
-0.0007759061
-0.0008494238
-0.0009643992
-0.001073358
-0.001173702
-0.001298161
-0.001446818
-0.00156495
-0.001663066
-0.001706338
-0.001681313
-0.001717845
-0.001749829
-0.001775846
-0.001824259
-0.001893759
-0.00198431
-0.002090336
-0.002158256
-0.00222336
-0.002186532
-0.002099749
-0.001949121
-0.001709859
-0.001400074
-0.00102239
-0.0006153833
-0.0001734758
0.0002567942
0.000659988
0.00101084
0.001296798
0.001534278
0.001788264
0.002089411
0.002502096
0.003006821
0.003610926
0.004281411
0.005001336
0.005734669
0.006480779
0.007202228
0.007798839
0.008238745
0.008518571
0.008607894
0.008520846
0.0082186
0.007801685
0.007243298
0.006554266
0.005746172
0.004846904
0.003909594
0.002996472
0.002222
0.001666602
0.001307798
0.001153384
0.001220302
0.001520543
0.002033965
0.002703789
0.003464779
0.004274279
0.005160971
0.006084521
0.006986534
0.007775848
0.008349839
0.008673132
0.008750385
0.008608717
0.008251183
0.007716208
0.007103579
0.006432612
0.00569256
0.004856217
0.003972085
0.003028248
0.002059388
0.001098916
0.0001666816
-0.0007095118
-0.001517172
-0.002229306
-0.002837131
-0.003281835
-0.003578293
-0.003728821
-0.003749483
-0.003671831
-0.003577407
-0.003520526
-0.003549742
-0.00368157
-0.003887049
-0.004119277
-0.004379814
-0.004630005
-0.004875269
-0.005130154
-0.005401299
-0.005666619
-0.00588743
-0.006026542
-0.006103327
-0.006040974
-0.005872644
-0.005526342
-0.005039992
-0.004438911
-0.003756182
-0.00302182
-0.002329208
-0.001664326
-0.001129472
-0.0007048806
-0.000469334
-0.0004244267
-0.000536888
-0.000820505
-0.001201182
-0.001619515
-0.002043586
-0.002477514
-0.002879727
-0.003271866
-0.003729087
-0.004207462
-0.004733732
-0.005278002
-0.005849726
-0.006431582
-0.00707351
-0.007760219
-0.008426152
-0.009102897
-0.009777066
-0.01041876
-0.01102118
-0.01160434
-0.01215921
-0.01267029
-0.01313164
-0.01353647
-0.01385664
-0.01413827
-0.01428604
-0.01435953
-0.01424056
-0.01400458
-0.01361633
-0.01309556
-0.01243995
-0.01159346
-0.01053877
-0.009326657
-0.007991888
-0.006573698
-0.005059536
-0.003503176
-0.001927492
-0.0004465865
0.0009424139
0.00215502
0.003184167
0.004010335
0.00461076
0.004992167
0.005177303
0.005182819
0.005039051
0.004797664
0.004487618
0.00416407
0.003865212
0.003588374
0.00338722
0.003259058
0.003188762
0.003175291
0.003221798
0.003334228
0.003557097
0.00381162
0.00417977
0.004587933
0.005052139
0.005572258
0.0061348
0.006714146
0.007283926
0.007833453
0.008348855
0.008805089
0.009189533
0.009467014
0.009648647
0.009692811
0.009656173
0.00955658
0.009432506
0.009278619
0.009072893
0.008858735
0.008643945
0.008413842
0.008193922
0.007969937
0.007723941
0.0074622
0.007173409
0.006886879
0.006582958
0.006267383
0.005949618
0.005621607
0.005274279
0.004848318
0.004397723
0.003923151
0.003435044
0.002907875
0.002386587
0.001862795
0.001359364
0.0008661436
0.0003983525
-7.483891E-05
-0.0004872909
-0.0008721461
-0.001258125
-0.001590595
-0.00190263
-0.002168101
-0.002366059
-0.002530674
-0.002604511
-0.002611229
-0.002540682
-0.002423255
-0.002262134
-0.002096456
-0.001939787
-0.001848433
-0.001814533
-0.001859935
-0.001941894
-0.002129437
-0.002387442
-0.002688804
-0.003032287
-0.0034014
-0.003760042
-0.004086748
-0.004368738
-0.004588823
-0.004754026
-0.004840764
-0.004837897
-0.004736208
-0.004519504
-0.004181953
-0.003705636
-0.003168346
-0.002523598
-0.001839451
-0.001126868
-0.0004231681
0.0002314008
0.0008299523
0.001351667
0.001802579
0.002154594
0.00238657
0.002505001
0.002486281
0.002363952
0.002117458
0.001743467
0.001200254
0.0005337733
-0.0002285837
-0.001076649
-0.002013211
-0.003013384
-0.004061324
-0.005120617
-0.006163628
-0.007167437
-0.00812842
-0.009001643
-0.009804215
-0.01050173
-0.01109494
-0.01156996
-0.01192294
-0.01213589
-0.01224642
-0.01227686
-0.0122082
-0.01204041
-0.01182571
-0.01153644
-0.01116295
-0.01069759
-0.01018414
-0.009587673
-0.008934668
-0.008233165
-0.007429977
-0.006549195
-0.005612379
-0.004610645
-0.003575615
-0.002523538
-0.001484857
-0.0004731334
0.0004455107
0.001262533
0.001965835
0.002497571
0.002892341
0.003119209
0.003200697
0.003119361
0.002894975
0.002557749
0.002115322
0.001546453
0.0008853229
0.0001354267
-0.0006959254
-0.001601054
-0.002576448
-0.003593018
-0.004607129
-0.00559097
-0.006506781
-0.007334911
-0.008059312
-0.008640988
-0.009083718
-0.00936031
-0.009461602
-0.009383247
-0.009161902
-0.008805426
-0.008315641
-0.007705203
-0.006976807
-0.006157241
-0.005236376
-0.004264861
-0.003239686
-0.002156154
-0.001070521
-6.795936E-06
0.001089352
0.002171399
0.00328093
0.004409734
0.005526533
0.006675113
0.007783957
0.008895748
0.009978394
0.01101016
0.0120039
0.01291879
0.01373375
0.01442955
0.01500231
0.01549393
0.01589095
0.01621506
0.01646488
0.01664765
0.0167854
0.01687149
0.01693565
0.01700235
0.0170617
0.01709749
0.01709418
0.01703281
0.0169234
0.01674143
0.01650489
0.01617006
0.01574755
0.01525519
0.0146969
0.01408958
0.01345225
0.0127823
0.01209026
0.01139728
0.01071646
0.01001308
0.009300653
0.008562995
0.007797142
0.007037551
0.006258278
0.005483844
0.004715255
0.00397966
0.003306939
0.002736133
0.002298372
0.001969669
0.001767521
0.001620023
0.001528904
0.001464901
0.001434283
0.001440243
0.00149178
0.001559629
0.001639161
0.001742611
0.001876112
0.002024476
0.002189801
0.0023689
0.002543015
0.002721171
0.002886557
0.003018266
0.003106911
0.003148662
0.003097341
0.002990867
0.002823425
0.002586307
0.002269078
0.001895348
0.001445468
0.0009419165
0.000412262
-0.0001258506
-0.000659674
-0.001207642
-0.00177812
-0.002401695
-0.003093209
-0.003855691
-0.004689539
-0.005572816
-0.006522282
-0.007513526
-0.008551614
-0.00960784
-0.01066639
-0.01171227
-0.01272062
-0.01367215
-0.01453263
-0.01530635
-0.01599123
-0.01659692
-0.01709156
-0.01749444
-0.01778946
-0.01798737
-0.01810773
-0.01814141
-0.01810204
-0.01801232
-0.01784215
-0.01760053
-0.01731634
-0.01698215
-0.01657676
-0.01613207
-0.01566474
-0.01517052
-0.01464081
-0.0140747
-0.01347637
-0.01286567
-0.01226357
-0.01166296
-0.01104291
-0.01041392
-0.009770864
-0.00909605
-0.008374475
-0.007595401
-0.006813909
-0.006015268
-0.005206476
-0.004381535
-0.003551925
-0.002735657
-0.001965143
-0.001206693
-0.0005042818
0.0001564842
0.0007333758
0.001219929
0.001612539
0.001904903
0.002099232
0.002217167
0.00225598
0.00220747
0.002093867
0.001903136
0.001618521
0.001240826
0.0008137761
0.0003382366
-0.0001629497
-0.0006768833
-0.001184677
-0.0016545
-0.002097777
-0.002497143
-0.002833116
-0.003113247
-0.003364394
-0.003532056
-0.003630093
-0.003633528
-0.003559011
-0.003419808
-0.003219197
-0.002960096
-0.002643303
-0.002293963
-0.001937074
-0.001559155
-0.00118594
-0.0007500435
-0.0002884775
0.0002048633
0.0007683165
0.00138385
0.002052856
0.002766216
0.003519191
0.004317674
0.005129556
0.005937587
0.006744667
0.007570894
0.008397642
0.009221592
0.01000911
0.01080192
0.01159164
0.01239818
0.01322114
0.01406662
0.0149224
0.01577351
0.01660782
0.01740487
0.01814874
0.01881905
0.01939928
0.01989063
0.02028057
0.02054707
0.02068768
0.02069383
0.02054124
0.02026026
0.01986391
0.01936736
0.01880183
0.01815167
0.01742173
0.01662995
0.01577403
0.01490613
0.01402052
0.01312481
0.01219696
0.01125146
0.0103334
0.009454672
0.008646511
0.007897738
0.007261283
0.006753277
0.006360591
0.006093614
0.005936982
0.005872877
0.005926259
0.006108676
0.006403236
0.006774652
0.007209145
0.007686348
0.008181443
0.008665721
0.009153062
0.009632311
0.01006895
0.01048737
0.01083232
0.01113705
0.01137815
0.01154526
0.01162436
0.01163003
0.01155043
0.01135706
0.01104707
0.01063518
0.01007304
0.009427507
0.008652989
0.007793288
0.006852525
0.005833727
0.00476515
0.003655715
0.002540116
0.001445589
0.0003700489
-0.0006469754
-0.00159089
-0.00246519
-0.003281836
-0.004043291
-0.004760799
-0.005411271
-0.006004076
-0.00653551
-0.007017078
-0.007469236
-0.007853443
-0.008205811
-0.008525914
-0.008814262
-0.009075526
-0.009278039
-0.009424056
-0.009508251
-0.009529875
-0.009537835
-0.00951782
-0.009487479
-0.009457861
-0.009433609
-0.009442383
-0.009488303
-0.009573532
-0.009699351
-0.009890346
-0.01013236
-0.01041854
-0.01073574
-0.01109433
-0.01148362
-0.01188657
-0.01229156
-0.0126869
-0.0130635
-0.01343049
-0.01375214
-0.01403241
-0.01427301
-0.01447914
-0.01466535
-0.014836
-0.01497089
-0.01505295
-0.01509922
-0.01510126
-0.01507974
-0.0150312
-0.01494648
-0.01484074
-0.01473771
-0.01464042
-0.01454854
-0.01445757
-0.01440091
-0.01435586
-0.01435696
-0.01439229
-0.01447449
-0.01459977
-0.01475452
-0.01490446
-0.01503903
-0.01518089
-0.01527911
-0.01533279
-0.01533356
-0.01526668
-0.01514603
-0.01498191
-0.014751
-0.01450641
-0.01421737
-0.01390895
-0.0136049
-0.01330403
-0.01300561
-0.01271926
-0.01243159
-0.01215361
-0.01185146
-0.01153805
-0.01122033
-0.01086373
-0.01047271
-0.01006759
-0.00959663
-0.00908642
-0.008532133
-0.007960453
-0.007360152
-0.006748099
-0.006128995
-0.005502324
-0.00488155
-0.004283207
-0.003675591
-0.003120729
-0.002582716
-0.002072532
-0.001584695
-0.001126325
-0.0006932741
-0.000297788
6.177399E-05
0.0003669084
0.0006121702
0.0007820077
0.0008678949
0.0008647728
0.0007608596
0.0005679506
0.0003180342
2.480862E-05
-0.0002589585
-0.0005480197
-0.000781776
-0.0009441195
-0.001025813
-0.001024771
-0.0009428699
-0.000788017
-0.000574889
-0.0003010119
4.15693E-05
0.0004443118
0.000904995
0.001404934
0.001944675
0.002513172
0.00313615
0.003807629
0.004519045
0.005271906
0.006081657
0.006929266
0.007798049
0.008684952
0.009542285
0.0103606
0.01111497
0.01181848
0.01246525
0.01304386
0.01355076
0.01398631
0.01434789
0.01462418
0.01481754
0.01495399
0.01503392
0.01508195
0.01509382
0.01510733
0.01513491
0.01520299
0.01530612
0.015467
0.01567753
0.01595013
0.01628689
0.01668851
0.01715471
0.01765668
0.01821821
0.01880564
0.01943097
0.02007545
0.02073434
0.02139297
0.02203677
0.02263734
0.02320231
0.02368637
0.02409617
0.02438695
0.02456037
0.02458953
0.02447241
0.02420405
0.02374956
0.0231479
0.02240378
0.02153084
0.02054116
0.01942953
0.01826109
0.01701673
0.01573749
0.01441236
0.01307303
0.01174791
0.01046691
0.009244342
0.008121526
0.007104321
0.006211741
0.005471272
0.004886943
0.004474512
0.004210836
0.004132259
0.004217525
0.00442494
0.004757312
0.005163915
0.005622214
0.006101317
0.006539157
0.00692141
0.007207434
0.007370538
0.007383033
0.007235187
0.006905299
0.006397037
0.005704474
0.004846157
0.003807637
0.00262394
0.001336631
-4.531552E-05
-0.001497345
-0.002987486
-0.004503263
-0.006009952
-0.007473058
-0.008901869
-0.01027199
-0.01157675
-0.01280729
-0.01395886
-0.01502415
-0.01602759
-0.01695642
-0.01781538
-0.01859299
-0.01928642
-0.01990578
-0.02045462
-0.02093805
-0.02134286
-0.02167217
-0.02190527
-0.02205473
-0.02215135
-0.0221621
-0.02212852
-0.02202921
-0.02186607
-0.02164281
-0.02136015
-0.02101697
-0.0206327
-0.02020518
-0.01972871
-0.01922891
-0.01869044
-0.0181206
-0.01753383
-0.01690646
-0.01623917
-0.01557486
-0.01491875
-0.01429171
-0.01371705
-0.01321198
-0.01277685
-0.01243357
-0.01218857
-0.01203795
-0.01197066
-0.01197065
-0.01202788
-0.01210206
-0.01217388
-0.01221344
-0.01220956
-0.01214169
-0.01199031
-0.01176824
-0.01145172
-0.01105477
-0.01056709
-0.01000755
-0.009371972
-0.008682971
-0.007945479
-0.007149971
-0.00631847
-0.005441314
-0.004537948
-0.003590934
-0.002622308
-0.001647636
-0.0006698269
0.000290046
0.001249373
0.002152275
0.003054221
0.003893719
0.004724699
0.005506084
0.006235662
0.006921837
0.007577534
0.008170077
0.008698423
0.009178601
0.009596902
0.01001049
0.01034151
0.01065827
0.01095443
0.01122783
0.0115056
0.01176022
0.01201751
0.01227648
0.01253854
0.01278629
0.01305137
0.01332488
0.01360902
0.01392837
0.01425824
0.01459737
0.01495283
0.01532265
0.01569457
0.01605948
0.01641609
0.01674028
0.01703734
0.01729563
0.01748404
0.01759353
0.01763253
0.01758992
0.01745913
0.01724208
0.01695351
0.01658564
0.01615051
0.0156591
0.01512301
0.01454838
0.01394433
0.01331897
0.01266033
0.01200028
0.01132959
0.01066294
0.00997166
0.00929401
0.008589812
0.007935824
0.007275073
0.006653536
0.006065782
0.005522498
0.005036014
0.004602541
0.004249832
0.003942207
0.003698426
0.003467055
0.003253484
0.003038286
0.002820181
0.002573567
0.002297716
0.00199206
0.001639119
0.001262214
0.0008330764
0.000366759
-0.0001286309
-0.0006687629
-0.001240993
-0.001833797
-0.002450136
-0.003092113
-0.003759089
-0.004458483
-0.005181212
-0.005925933
-0.006676914
-0.007434969
-0.008170648
-0.008888086
-0.009576198
-0.01021741
-0.01079216
-0.01129021
-0.0117176
-0.0120573
-0.01230642
-0.01248271
-0.01258456
-0.0126271
-0.01261278
-0.01255773
-0.01246623
-0.01236906
-0.01227571
-0.01216589
-0.01206094
-0.01197649
-0.01189177
-0.01181759
-0.01175789
-0.01169452
-0.01164957
-0.01159945
-0.01157235
-0.01157833
-0.01159023
-0.01163841
-0.01168432
-0.0117191
-0.01176107
-0.0117478
-0.01169966
-0.01158436
-0.01139472
-0.0111263
-0.01075804
-0.01029705
-0.009746081
-0.009111762
-0.008397638
-0.007618635
-0.006787663
-0.005908187
-0.005006307
-0.004085044
-0.003170779
-0.002271671
-0.001399321
-0.000571273
0.0002079177
0.0009052327
0.001527259
0.002055278
0.002503244
0.002842147
0.003081414
0.003239417
0.003285458
0.003259615
0.003150952
0.002965039
0.002743695
0.002480319
0.002166166
0.001849153
0.001534003
0.001245032
0.0009992401
0.0007973387
0.0006732501
0.0006008054
0.0006277413
0.0007049248
0.0008657941
0.001115117
0.001399729
0.001723863
0.002095053
0.00248994
0.002897512
0.003311587
0.003715475
0.00414023
0.004557719
0.004994764
0.005438832
0.005903699
0.006385549
0.006871725
0.007382425
0.007904364
0.008416517
0.008925547
0.009407229
0.00985831
0.01028123
0.0106615
0.01099902
0.01127802
0.0115241
0.01169954
0.01182688
0.01189482
0.01188577
0.01183175
0.01170616
0.01154276
0.01132013
0.01104252
0.01071415
0.01034951
0.00994339
0.009510366
0.00905957
0.008594085
0.008123348
0.007669781
0.007235796
0.006835086
0.00648479
0.006173913
0.005921661
0.005719353
0.0055651
0.005451563
0.005393967
0.005358496
0.00535862
0.005357804
0.005382441
0.005399947
0.005417489
0.005415842
0.005399878
0.005365892
0.005310901
0.005254616
0.005182057
0.005104276
0.005021119
0.004949198
0.004859468
0.004777664
0.004689832
0.004580799
0.004468587
0.004339602
0.00419858
0.004058115
0.003907224
0.003749918
0.003604849
0.00349871
0.003398944
0.003335766
0.003291636
0.003277367
0.003293894
0.003330337
0.003389269
0.003445236
0.003505264
0.003554237
0.003577121
0.003602738
0.003609599
0.003620188
0.003619545
0.003608188
0.003606455
0.003618559
0.003648589
0.003689955
0.003746794
0.003798526
0.003847905
0.003879223
0.003861618
0.003828662
0.003744047
0.003623766
0.003466219
0.003261546
0.003009239
0.002743514
0.002453301
0.002140151
0.001842462
0.001528241
0.001236331
0.0009515775
0.0006920325
0.0004588818
0.0002335706
4.21926E-05
-0.0001314473
-0.0002809833
-0.0004020669
-0.0005084218
-0.000595084
-0.000637113
-0.0006582055
-0.0006246773
-0.000562095
-0.0004457558
-0.0002789093
-6.072446E-05
0.000198038
0.0005087208
0.0008539287
0.001229075
0.001630237
0.002035966
0.002431136
0.002797242
0.003127913
0.003412544
0.003626191
0.003775865
0.003860304
0.003870365
0.003812012
0.003682367
0.003482091
0.003222776
0.002901997
0.00253259
0.002104994
0.001632736
0.001107757
0.0005561857
-1.94228E-05
-0.0006047622
-0.001193879
-0.001764331
-0.002308086
-0.002805635
-0.003253571
-0.003649956
-0.003999343
-0.00428022
-0.004535341
-0.00472774
-0.004872927
-0.004987334
-0.005069897
-0.005130998
-0.005175069
-0.005201508
-0.005214542
-0.005219546
-0.005225631
-0.005224825
-0.005207931
-0.005182073
-0.005142602
-0.005109763
-0.005061512
-0.005012364
-0.004960279
-0.004916065
-0.004881446
-0.004866584
-0.004869276
-0.004871996
-0.004895309
-0.004924763
-0.004972467
-0.005027495
-0.005103618
-0.005157666
-0.005220952
-0.005258052
-0.0052758
-0.00528491
-0.00528055
-0.005270429
-0.005248163
-0.005220745
-0.005177794
-0.005113415
-0.005046373
-0.004991283
-0.004906109
-0.004835859
-0.004771555
-0.004713131
-0.004641788
-0.004600501
-0.004535618
-0.004519421
-0.00449859
-0.004460987
-0.004412841
-0.004400516
-0.004389496
-0.004340272
-0.004315945
-0.004260011
-0.004192433
-0.004113617
-0.004001903
-0.003865459
-0.003698801
-0.003499314
-0.003281684
-0.003033272
-0.002754844
-0.002441464
-0.002111487
-0.001766891
-0.001385209
-0.0009935722
-0.0005880076
-0.0001833543
0.0002464805
0.0006647949
0.001074006
0.001483318
0.001884289
0.002265457
0.002634942
0.002979569
0.003299657
0.003598389
0.003870126
0.004122919
0.004347997
0.004551542
0.004727074
0.004893613
0.00502835
0.005160121
0.005270358
0.005368734
0.005463228
0.00555789
0.005646654
0.005729057
0.005804962
0.005885586
0.005960488
0.006038081
0.006123312
0.006197736
0.006272896
0.006345829
0.006404247
0.006470087
0.006532189
0.006584384
0.006633082
0.00668043
0.006712602
0.006738773
0.006764567
0.006772439
0.006781824
0.006786684
0.006783801
0.006786296
0.006787357
0.006774009
0.006753729
0.006745272
0.006728384
0.006720896
0.006698739
0.006657199
0.006636112
0.006598733
0.006556393
0.006485648
0.006433781
0.006350099
0.006263806
0.00615127
0.006021752
0.005888911
0.005737338
0.005561634
0.005373069
0.005170719
0.00495228
0.004723526
0.004472711
0.004227024
0.00396809
0.003702338
0.003439934
0.003172567
0.002916902
0.002648175
0.002405176
0.002159795
0.001936298
0.001717158
0.001517858
0.001330911
0.001163172
0.001014009
0.0008542517
0.0007323916
0.0006224117
0.0005298498
0.0004234672
0.0003199439
0.0002374212
0.0001311285
4.949577E-05
-3.940609E-05
-0.0001329725
-0.0002210259
-0.0003494046
-0.0004539541
-0.0005733806
-0.0007020668
-0.0008381868
-0.000973773
-0.001117935
-0.001262226
-0.001413007
-0.001562733
-0.001701301
-0.001841836
-0.001978199
-0.002117326
-0.002243015
-0.00235502
-0.00247457
-0.002584409
-0.002696446
-0.00279756
-0.002890173
-0.002972291
-0.003045344
-0.003147434
-0.003207061
-0.003273376
-0.003347817
-0.00340132
-0.003459993
-0.0035062
-0.003549233
-0.003573647
-0.003600549
-0.003603484
-0.003606843
-0.003573806
-0.003532806
-0.003477371
-0.003404346
-0.003298598
-0.003185726
-0.003046368
-0.002896522
-0.002727241
-0.002534912
-0.002338534
-0.002136794
-0.001929923
-0.001716668
-0.001496903
-0.001294728
-0.001081642
-0.0008860833
-0.0006962657
-0.0005203296
-0.0003559989
-0.0001988527
-4.886225E-05
8.881506E-05
0.0002036225
0.0003381043
0.0004416193
0.0005335372
0.0006330824
0.0007256502
0.0008158014
0.0009009445
0.0009852509
0.00106456
0.001152824
0.001244662
0.001344116
0.001435824
0.001536383
0.001637554
0.001747897
0.00185166
0.001965861
0.002071783
0.002201316
0.002320587
0.002430644
0.002557076
0.002651697
0.002757211
0.002864613
0.002967041
0.003063603
0.003151709
0.003239027
0.003329812
0.003403034
0.003472877
0.003544587
0.003593385
0.003665057
0.003719577
0.003762022
0.003800709
0.003851216
0.003897863
0.003941874
0.003980209
0.004002984
0.004055057
0.004069492
0.004107682
0.004124559
0.004134372
0.0041401
0.00412986
0.004131516
0.004097636
0.004071485
0.004017741
0.003957611
0.003896768
0.003821871
0.003737143
0.00363943
0.00354913
0.003433476
0.003313633
0.003195412
0.003068926
0.002933334
0.002815183
0.002682987
0.002545295
0.002433887
0.002299953
0.002180043
0.002082275
0.001959469
0.001864686
0.001769209
0.001688152
0.001607675
0.001525632
0.00146505
0.001385698
0.001320201
0.001253132
0.00118249
0.00113595
0.001058417
0.001003696
0.0009297353
0.0008662073
0.0008023429
0.000733463
0.0006783489
0.000598995
0.0005295756
0.00045943
0.0003888302
0.0003272975
0.0002671372
0.0002046379
0.0001571742
9.84723E-05
5.604258E-05
1.258287E-05
-5.199298E-05
-6.935371E-05
-0.0001269918
-0.0001536656
-0.0001936007
-0.0002165415
-0.0002562393
-0.0002821228
-0.0003156245
-0.0003438795
-0.0003720461
-0.0004290023
-0.0004590982
-0.0004928673
-0.0005305808
-0.0005706858
-0.0006073628
-0.0006443859
-0.000665683
-0.0006883312
-0.0007139992
-0.0007264039
-0.000720498
-0.0007130089
-0.000683912
-0.0006650538
-0.0006248396
-0.0005816404
-0.0005195284
-0.0004706263
-0.000402204
-0.0003389362
-0.0002546338
-0.0001796477
-0.0001061503
-2.94954E-05
4.44749E-05
0.0001267566
0.0001975868
0.0002775133
0.0003390722
0.0004073771
0.0004694404
0.0005284166
0.0005994769
0.0006508781
0.0007125924
0.0007665143
0.0008198589
0.0008688333
0.0009207535
0.0009779886
0.001025879
0.001075222
0.001114756
0.001174737
0.001220731
0.001265276
0.00132179
0.001367634
0.001425328
0.001476152
0.001519076
0.001553533
0.00161308
0.001643971
0.001692621
0.001719433
0.001748742
0.001782696
0.001812139
0.00184566
0.001871201
0.001896777
0.001912506
0.001939312
0.001945006
0.001960516
0.001976775
0.001984989
0.002004999
0.002005192
0.002037524
0.002044034
0.00206791
0.002072498
0.002081959
0.002100575
0.002093133
0.002098826
0.002090538
0.002087334
0.002081068
0.002060405
0.002048576
0.002027892
0.001992834
0.001973819
0.001949994
0.001905143
0.001877934
0.0018467
0.001813203
0.001786557
0.001753368
0.001711445
0.001689242
0.001642003
0.001633452
0.001576194
0.001544544
0.001514736
0.001467237
0.001434302
0.001403125
0.001352092
0.001311613
0.00128106
0.001235281
0.001212243
0.001158069
0.001128509
0.001097104
0.001053211
0.001015431
0.0009887505
0.0009541768
0.0009289832
0.0009027
0.0008512119
0.0008316343
0.0007912596
0.000784541
0.0007576723
0.0007238225
0.0007049871
0.0006809722
0.0006769811
0.000656701
0.0006447839
0.000637566
0.0006230981
0.0006217856
0.0006061071
0.0006199965
0.0006048652
0.0006107528
0.0005942213
0.0005964393
0.0006163646
0.0006251996
0.0006083152
0.0006308373
0.0006133073
0.0006196753
0.0006243183
0.0006321802
0.0006459039
0.0006516891
0.0006606135
0.0006658655
0.0006851985
0.000705132
0.0007116055
0.0007397776
0.0007451816
0.0007705262
0.0007973528
0.0008025454
0.0008414603
0.0008652036
0.0008862413
0.000909263
0.0009293013
0.0009620159
0.0009629054
0.001008615
0.001016985
0.001044244
0.001064211
0.001076931
0.00109941
0.001114294
0.001127934
0.001152855
0.001182571
0.001183494
0.001225804
0.001239365
0.00126922
0.001292857
0.001293819
0.001337299
0.001355943
0.001371584
0.001389539
0.001393979
