-3.836379E-06
2.216284E-06
-2.890451E-05
-3.344702E-05
-3.780196E-05
-2.672727E-05
-7.964984E-06
-4.80145E-06
1.762873E-05
3.278689E-05
3.823609E-05
5.343747E-05
7.888586E-05
0.0001048123
0.0001488499
0.0001899009
0.0002353637
0.0002965576
0.0003540389
0.0004254984
0.0004886279
0.0005458325
0.0006228025
0.0006987831
0.0007526664
0.0007918812
0.000838336
0.0008728993
0.0008747556
0.0009054051
0.0009476346
0.0009922687
0.001041967
0.001082361
0.001113739
0.00117806
0.001240731
0.001306507
0.001374633
0.001420561
0.001480678
0.00150673
0.001516841
0.001526021
0.001480846
0.001434546
0.001377751
0.001309074
0.001223292
0.001144403
0.001054577
0.0009486772
0.0008273752
0.0007256138
0.0006248005
0.0005379595
0.0004318617
0.0003237822
0.0001968336
6.918316E-05
-9.259155E-05
-0.0002560334
-0.0004203502
-0.0005722182
-0.0007355365
-0.0008873172
-0.001022218
-0.001159805
-0.001261764
-0.001331944
-0.001390319
-0.001459845
-0.001501647
-0.001581275
-0.001657886
-0.001717346
-0.001806274
-0.001877693
-0.00200199
-0.002093371
-0.002197712
-0.002308566
-0.00243687
-0.00250326
-0.002533288
-0.002551991
-0.002494778
-0.002404923
-0.002253175
-0.002088569
-0.001874528
-0.001617581
-0.001345265
-0.001057408
-0.0007595317
-0.000461031
-0.0001569989
0.0001505281
0.0004707862
0.0007988139
0.001120248
0.001424336
0.001722889
0.001973282
0.002215963
0.002428974
0.002597002
0.002733049
0.002859389
0.002925334
0.002946174
0.00290467
0.00283672
0.002729184
0.002571264
0.002387964
0.002207197
0.002026118
0.001849969
0.001666594
0.001512391
0.001388143
0.001279092
0.00117602
0.001076777
0.000987072
0.0008971567
0.0008148099
0.0007165396
0.0006370302
0.0005643244
0.000516196
0.0004939698
0.0004953428
0.0005166901
0.0005436084
0.0005848408
0.0006377978
0.0006669525
0.0006793234
0.0006553719
0.0005800155
0.0004772595
0.0003315334
0.0001373749
-9.288652E-05
-0.0003425547
-0.0006003327
-0.0008693971
-0.001162325
-0.001425014
-0.001694947
-0.001948622
-0.002194667
-0.002417916
-0.002621183
-0.002821396
-0.003006886
-0.003180955
-0.003348312
-0.003496072
-0.003603549
-0.00368956
-0.003766476
-0.003809426
-0.003816535
-0.003768435
-0.003708128
-0.003648048
-0.003551913
-0.003434721
-0.003321973
-0.003209651
-0.003078305
-0.002985208
-0.002922978
-0.002822723
-0.002764991
-0.002732707
-0.002720269
-0.002704339
-0.002668425
-0.002617087
-0.002514106
-0.002410391
-0.00229013
-0.002171704
-0.002043342
-0.001897607
-0.001739915
-0.001577026
-0.001390061
-0.001190253
-0.0009812105
-0.0007581486
-0.0005310114
-0.0003016378
-4.764217E-05
0.0002258704
0.0005398078
0.0008548294
0.001176996
0.001517038
0.001880693
0.00222989
0.002567158
0.002895205
0.003215811
0.003506826
0.003769977
0.004032038
0.004282544
0.004572615
0.004869441
0.005146135
0.005384409
0.005586027
0.005751498
0.005865043
0.005917836
0.005906222
0.005803961
0.005664329
0.005530468
0.00530795
0.005075712
0.004850122
0.004597859
0.004347077
0.004070906
0.003782198
0.003440441
0.003054625
0.002600922
0.002104143
0.001535531
0.0009417846
0.0003775044
-9.602429E-05
-0.0004553086
-0.0006868089
-0.0007661602
-0.0007533765
-0.0006466233
-0.0004821165
-0.0002777961
-7.655485E-05
5.593711E-05
6.396935E-05
-5.343829E-05
-0.0003093006
-0.0007360235
-0.001275112
-0.001892021
-0.002562262
-0.003292557
-0.004043437
-0.004826569
-0.005589638
-0.006276979
-0.00683472
-0.007221623
-0.00744297
-0.007498533
-0.007410143
-0.007148828
-0.006738684
-0.006218066
-0.005626176
-0.004994766
-0.004290683
-0.003536131
-0.002793875
-0.002126398
-0.001600911
-0.001227484
-0.001013526
-0.0009388778
-0.0009646165
-0.001077777
-0.00118815
-0.001267387
-0.00134505
-0.001405891
-0.001462764
-0.001500955
-0.00151313
-0.001485465
-0.001422681
-0.001299179
-0.001134511
-0.0009209156
-0.0006757071
-0.0003637695
5.387652E-06
0.0004103534
0.0008519707
0.001267771
0.001605442
0.001845323
0.001962207
0.001910885
0.00175732
0.001531656
0.00126132
0.0009760214
0.0007081196
0.0004720502
0.0002499399
7.024396E-05
-6.253363E-05
-0.0001113969
-0.0001013744
-1.654463E-06
0.0001783301
0.0004593014
0.0008222436
0.001235562
0.001692392
0.002137369
0.00254732
0.002900414
0.003155939
0.003337112
0.003394839
0.003351716
0.003192318
0.002932491
0.002623478
0.002293114
0.001959487
0.001621451
0.001301832
0.0009600811
0.0006031823
0.0001834355
-0.0002594286
-0.0007258435
-0.001216119
-0.001734131
-0.002262972
-0.002792043
-0.003304217
-0.003775119
-0.004211829
-0.004578864
-0.004872828
-0.005130915
-0.005323031
-0.005456807
-0.005542631
-0.005565471
-0.005562772
-0.005496408
-0.005406263
-0.005269128
-0.00507803
-0.004842103
-0.004564912
-0.004273696
-0.003939652
-0.003558144
-0.003096405
-0.002592664
-0.002072052
-0.001553214
-0.001036886
-0.0005390181
-9.553064E-05
0.0002556274
0.0004982246
0.0005896502
0.0005759944
0.0004178961
0.0001480196
-0.0002127353
-0.0006218962
-0.001063428
-0.001479156
-0.001829523
-0.002083962
-0.00221843
-0.002206785
-0.002040786
-0.001738326
-0.001302582
-0.0007947207
-0.0002104585
0.0003906668
0.001003824
0.001620618
0.002233529
0.00282691
0.003401688
0.003954213
0.004486587
0.005006791
0.005508335
0.00598157
0.006408289
0.006793745
0.007141291
0.007444232
0.007656855
0.007794532
0.007840255
0.007793003
0.007709268
0.007590576
0.007392973
0.007145126
0.006832481
0.006450003
0.006007183
0.005507457
0.004920378
0.004278827
0.003572351
0.002812951
0.002005794
0.00118364
0.0003604075
-0.0004785467
-0.001275292
-0.002045567
-0.002782828
-0.003485608
-0.004103305
-0.004695944
-0.005183815
-0.005624668
-0.005998485
-0.006288069
-0.006523983
-0.006717894
-0.006910555
-0.007074807
-0.007240581
-0.007411663
-0.007570389
-0.007764547
-0.007956424
-0.008121542
-0.008272861
-0.008393146
-0.008469469
-0.008476109
-0.008435084
-0.008335683
-0.008183411
-0.008008829
-0.007811303
-0.007615182
-0.007425844
-0.007194427
-0.007005197
-0.006816582
-0.006649815
-0.006473525
-0.006296328
-0.006115984
-0.005925569
-0.005724821
-0.005470172
-0.005189668
-0.004867709
-0.004493867
-0.004066315
-0.003558261
-0.002946727
-0.002257644
-0.001508055
-0.0006975455
0.0001676358
0.001074673
0.001984521
0.002874781
0.003749649
0.004581816
0.005384753
0.00611464
0.006759167
0.00731852
0.007786399
0.008153471
0.008420582
0.008543431
0.008521913
0.008373175
0.008119447
0.007770817
0.007322675
0.006796377
0.00622139
0.005599577
0.004989928
0.004401259
0.003852756
0.003348549
0.002921148
0.002590176
0.002327345
0.002179291
0.002102625
0.002116794
0.002203696
0.002333537
0.002491611
0.002633541
0.002756128
0.002871135
0.002949833
0.002958945
0.002915217
0.002801391
0.002606702
0.00237958
0.002131135
0.001872915
0.001594005
0.001312434
0.001078657
0.0008263229
0.0006063028
0.0003916649
0.0001896437
-1.756021E-05
-0.0002446052
-0.0005238491
-0.0008211528
-0.001151678
-0.00149366
-0.001861891
-0.002243418
-0.002621307
-0.003018869
-0.003413122
-0.003819565
-0.004241019
-0.004664791
-0.00510045
-0.005557575
-0.006018685
-0.006469886
-0.006901197
-0.00728017
-0.007602236
-0.007866354
-0.008049394
-0.008143529
-0.008122188
-0.008026705
-0.007802993
-0.007503124
-0.007129081
-0.006668255
-0.00616012
-0.005592539
-0.004990404
-0.004366043
-0.0037141
-0.00305681
-0.002416452
-0.001779606
-0.001173211
-0.0005927608
-3.567052E-05
0.0005028623
0.001028974
0.001519241
0.001980843
0.002395226
0.002770842
0.003091026
0.003374546
0.003596564
0.003762363
0.003862464
0.003872482
0.003825282
0.003715005
0.003620615
0.003484173
0.003371015
0.003261138
0.003198096
0.003171354
0.003232568
0.003353213
0.003564547
0.00385153
0.004172165
0.004515111
0.0049017
0.005287854
0.005673406
0.006040573
0.006346435
0.00661849
0.006848943
0.007060288
0.007218755
0.00732729
0.007413398
0.007453176
0.007470757
0.007420947
0.007308008
0.007129027
0.006871211
0.006550815
0.006155109
0.00569274
0.005189464
0.004647448
0.004108978
0.003612212
0.003175089
0.002797356
0.002477598
0.002200134
0.001924292
0.001661476
0.001423855
0.001187124
0.0009563775
0.00074285
0.0005218973
0.0003031301
9.005236E-05
-0.0001257209
-0.0002977377
-0.000479991
-0.000646146
-0.0007891009
-0.0009313218
-0.001053672
-0.001193636
-0.001336382
-0.001492157
-0.001653522
-0.001835819
-0.002028663
-0.002229707
-0.002430483
-0.002653374
-0.002887712
-0.003089071
-0.003285092
-0.00343496
-0.003572073
-0.003695882
-0.003828132
-0.003993029
-0.00420445
-0.004433311
-0.004694651
-0.004963085
-0.005260277
-0.005567647
-0.005869864
-0.0061553
-0.006416331
-0.006632366
-0.006779781
-0.00683569
-0.006807923
-0.006709721
-0.006549511
-0.006301921
-0.005994108
-0.005632169
-0.00521336
-0.00477179
-0.004305196
-0.003843292
-0.003382545
-0.002935095
-0.002500194
-0.002109917
-0.001725026
-0.001398067
-0.001102031
-0.0008085473
-0.0005811193
-0.000373812
-0.0001505082
2.991732E-05
0.000195645
0.0003328762
0.0004491743
0.0005680718
0.0006812701
0.000802218
0.0009490409
0.001131752
0.001345598
0.001587802
0.001822847
0.002073138
0.002335543
0.002614619
0.002853212
0.003098584
0.003328764
0.003533804
0.00369445
0.003822598
0.003887277
0.003917658
0.00387669
0.003811866
0.00369446
0.003575552
0.003438713
0.00328946
0.003116546
0.002914227
0.002674215
0.00241319
0.002138174
0.001852871
0.0015526
0.001249901
0.0009528223
0.0006554381
0.0003777458
8.66875E-05
-0.0002259111
-0.0005236301
-0.0008301741
-0.001140334
-0.001416252
-0.001684609
-0.00196192
-0.00222413
-0.002457816
-0.002667518
-0.00288154
-0.003037688
-0.003206726
-0.003314457
-0.003366438
-0.003361303
-0.003273141
-0.003107444
-0.002860317
-0.002534409
-0.00213401
-0.001683691
-0.001203681
-0.0006975449
-0.0002342002
0.0002229833
0.0006473449
0.0009966146
0.001290331
0.001494223
0.001619414
0.001677537
0.001691697
0.001657995
0.001602416
0.00154694
0.001464642
0.001369365
0.001291331
0.001190769
0.001125618
0.001070903
0.001032073
0.001034377
0.001045236
0.00109471
0.001168778
0.001242923
0.001327192
0.001457371
0.001639413
0.001864307
0.002111562
0.002379935
0.002676334
0.002976825
0.003317647
0.003677361
0.004018614
0.004358933
0.004686661
0.004990674
0.005303543
0.005621141
0.005960267
0.006293452
0.006676861
0.007090684
0.007475902
0.007883358
0.008259255
0.008614444
0.008973758
0.009298206
0.009566736
0.00976517
0.009880538
0.009910135
0.009850227
0.009717237
0.009496608
0.009202298
0.008862267
0.008467246
0.008019884
0.007550879
0.007051992
0.006548284
0.006062483
0.005563815
0.005081695
0.004601514
0.004121953
0.003651845
0.003194524
0.002740351
0.002304289
0.001872789
0.001451838
0.001030131
0.0006354398
0.0002559857
-9.827603E-05
-0.0004337498
-0.000729069
-0.001010584
-0.001272818
-0.001541036
-0.001806308
-0.002126295
-0.002440444
-0.002762787
-0.003101408
-0.003455298
-0.003822228
-0.004172697
-0.004517131
-0.004842948
-0.005164161
-0.005449753
-0.005667764
-0.00582964
-0.00591286
-0.005944388
-0.00590134
-0.005834579
-0.005718767
-0.005585267
-0.005439478
-0.005298689
-0.005181067
-0.005098742
-0.005030786
-0.005019348
-0.005041593
-0.005103713
-0.005198719
-0.005318224
-0.005469366
-0.005631243
-0.005793145
-0.005972432
-0.006140219
-0.006289408
-0.006431585
-0.006572654
-0.006695418
-0.006791789
-0.006901513
-0.007021206
-0.007137197
-0.007216747
-0.007280817
-0.007317103
-0.007337614
-0.007312592
-0.007231162
-0.007126015
-0.006981303
-0.006794918
-0.006578877
-0.006333951
-0.006045234
-0.005746346
-0.005429932
-0.005113593
-0.004815703
-0.004515938
-0.004237177
-0.003938161
-0.003635168
-0.003327096
-0.003011823
-0.002685221
-0.00233819
-0.001974797
-0.001596842
-0.001216138
-0.0008566164
-0.0005246729
-0.0002322033
1.758362E-05
0.0002061103
0.0003148937
0.0003561208
0.0003313448
0.0002452265
9.799776E-05
-7.721406E-05
-0.0002869469
-0.0004924768
-0.000715933
-0.0009414642
-0.001121707
-0.001264635
-0.001380557
-0.001420008
-0.001421157
-0.001384689
-0.001298186
-0.001171587
-0.001003946
-0.0008093471
-0.0006007165
-0.0003751977
-0.0001430295
9.732448E-05
0.0003182196
0.0005195671
0.0007179998
0.0008730449
0.001018659
0.001130256
0.001198469
0.001213885
0.001152483
0.001047053
0.0008683001
0.0006529695
0.0003860613
7.080908E-05
-0.0002582165
-0.0005772993
-0.0008647165
-0.001116287
-0.001303387
-0.001413451
-0.001476351
-0.001482949
-0.00144007
-0.001362745
-0.001243004
-0.001096911
-0.0009381655
-0.0007668916
-0.0005934484
-0.000418681
-0.000239098
-6.124827E-05
0.0001301442
0.0003307117
0.0005761641
0.0008210856
0.00109654
0.001379037
0.001665726
0.001960058
0.002218637
0.002467039
0.002697761
0.002932161
0.00314285
0.003352633
0.003544283
0.003699124
0.00384425
0.00397527
0.004063284
0.00415278
0.004226984
0.004282466
0.004342628
0.004408168
0.004496669
0.004591276
0.004702096
0.004829594
0.004967774
0.005126789
0.005306772
0.005488637
0.005697248
0.005911646
0.006127757
0.006364865
0.006628699
0.006904237
0.007173893
0.00746504
0.007720026
0.007975973
0.008201575
0.008376496
0.008510321
0.008609483
0.008625434
0.00855889
0.008419247
0.008211767
0.007930138
0.00758519
0.0071794
0.006719478
0.006211025
0.005672717
0.00511826
0.004548059
0.003950141
0.003371303
0.002807657
0.002290096
0.001805097
0.001385931
0.001025691
0.0007189251
0.0005024889
0.0003481792
0.0002590289
0.0002506545
0.000300447
0.0004058736
0.000524089
0.0006795905
0.0008310705
0.0009916747
0.001112651
0.001197542
0.001219623
0.001202758
0.001102594
0.0009515397
0.0007152237
0.0004173823
6.689455E-05
-0.0003601131
-0.0008402909
-0.001363584
-0.001916188
-0.002502035
-0.003092987
-0.003689145
-0.004288273
-0.004883407
-0.005467178
-0.006037254
-0.006582523
-0.007114465
-0.007625638
-0.00810208
-0.00855145
-0.008961295
-0.009339307
-0.009695254
-0.01000415
-0.01026349
-0.01046672
-0.01061813
-0.01072394
-0.01076352
-0.01074519
-0.01064395
-0.01048744
-0.01024506
-0.009949097
-0.009582435
-0.00915721
-0.008684971
-0.008139749
-0.007560174
-0.00693733
-0.006308376
-0.005672222
-0.005039862
-0.004426019
-0.00385192
-0.003295347
-0.002763946
-0.00231255
-0.001895403
-0.001508882
-0.001175119
-0.000906159
-0.0006947964
-0.0005519374
-0.0004681218
-0.0004394743
-0.0004801966
-0.0005513627
-0.0006731699
-0.0008132759
-0.0009674373
-0.00109116
-0.001202392
-0.00122289
-0.00117941
-0.001043874
-0.000819216
-0.0004855365
-4.887001E-05
0.0004868206
0.001111911
0.0018266
0.002598582
0.003422243
0.004288938
0.005179388
0.006084827
0.006978104
0.007874306
0.008748163
0.009600569
0.01041745
0.01119225
0.01188938
0.01253677
0.0131071
0.01358434
0.01399224
0.01434761
0.01461617
0.01481578
0.01496256
0.01504086
0.01507914
0.01505993
0.01499896
0.01488499
0.01474066
0.01456144
0.0143422
0.01410266
0.01382673
0.01353183
0.01321331
0.01287656
0.01250066
0.01209662
0.01165345
0.01117955
0.01067907
0.01015908
0.009617589
0.009077325
0.008547304
0.008019508
0.007493499
0.007005214
0.006541132
0.006103167
0.005695294
0.005313938
0.004955845
0.004603634
0.004266103
0.003904024
0.003522213
0.003112901
0.002668925
0.002166478
0.00161537
0.001007943
0.0003500483
-0.0003571533
-0.001102971
-0.00188876
-0.002707661
-0.003559127
-0.00442307
-0.005285528
-0.006149624
-0.006994287
-0.007821312
-0.008621215
-0.009393562
-0.01011474
-0.01078917
-0.01140141
-0.01194536
-0.01240612
-0.01280266
-0.01311454
-0.01334787
-0.01350854
-0.01359752
-0.01364055
-0.01363868
-0.01361105
-0.01356548
-0.01349792
-0.01342535
-0.01335341
-0.01328571
-0.01321201
-0.01313928
-0.01307432
-0.01301161
-0.01296685
-0.01291215
-0.01284648
-0.01279947
-0.01273484
-0.01267033
-0.01261305
-0.01256604
-0.01252525
-0.01247337
-0.01242376
-0.01235425
-0.01226471
-0.01215043
-0.01202473
-0.01184839
-0.01163105
-0.01137108
-0.01107044
-0.01073764
-0.01035727
-0.00995196
-0.009532532
-0.009103602
-0.008669044
-0.008235308
-0.007809574
-0.007395678
-0.00701399
-0.006613886
-0.006221513
-0.005834329
-0.005455364
-0.005056971
-0.004647153
-0.004220458
-0.003770253
-0.00330181
-0.002834813
-0.002329254
-0.00181426
-0.001270898
-0.0007287237
-0.000130753
0.000503569
0.001182349
0.001921257
0.002692313
0.00350389
0.004363333
0.005248334
0.006160638
0.007071423
0.00798279
0.008853265
0.009679863
0.0104263
0.01113597
0.01175532
0.0122783
0.01272121
0.01307115
0.01333375
0.01349483
0.01359346
0.01357524
0.01347464
0.01331274
0.01307841
0.01278029
0.01242604
0.01202377
0.01158965
0.01112154
0.01064744
0.01015716
0.009657527
0.009179927
0.008697676
0.008255944
0.007840352
0.007473736
0.007147197
0.006877967
0.006650155
0.006475303
0.006344584
0.006249148
0.006191344
0.00615117
0.00613129
0.00609842
0.00608107
0.006045575
0.006013726
0.005961617
0.005901375
0.005840907
0.005788392
0.005722772
0.005682211
0.005635847
0.005613353
0.005592022
0.005595385
0.005575896
0.005553331
0.005519399
0.005455726
0.005368392
0.005252962
0.005103575
0.004917657
0.004711542
0.004431738
0.00411561
0.003743197
0.003315441
0.002841105
0.00230087
0.001719033
0.001086517
0.0004255766
-0.0002977697
-0.001043456
-0.001800874
-0.002564655
-0.003308187
-0.004036773
-0.004711899
-0.005360592
-0.005940088
-0.006444161
-0.006881931
-0.007232597
-0.00749341
-0.007679104
-0.007776898
-0.007786585
-0.007726579
-0.007597808
-0.00741184
-0.007181488
-0.006914268
-0.006614055
-0.006291369
-0.00598596
-0.00567344
-0.005389419
-0.00510839
-0.004853097
-0.004618225
-0.004404022
-0.004231304
-0.004083676
-0.003967966
-0.003899151
-0.003868025
-0.003883364
-0.003952681
-0.004055064
-0.004205957
-0.00439379
-0.004613744
-0.004868579
-0.005126719
-0.00539751
-0.005657569
-0.005905352
-0.006136837
-0.006342752
-0.006531541
-0.006685079
-0.006803071
-0.00688937
-0.006959321
-0.006997143
-0.007000621
-0.006974234
-0.006892949
-0.006768933
-0.006600198
-0.006368489
-0.00608344
-0.005726662
-0.005302306
-0.004810607
-0.004243094
-0.003617795
-0.002943909
-0.002248822
-0.001527688
-0.0008012882
-7.505137E-05
0.0006323582
0.001325698
0.001968103
0.002567488
0.00312119
0.003598999
0.004023177
0.004378053
0.00465834
0.004854704
0.004969
0.005017954
0.004995097
0.004908732
0.004764378
0.004572319
0.004351544
0.004119419
0.003869512
0.00361683
0.003389462
0.003200881
0.003049063
0.002944408
0.002901501
0.002917318
0.003004381
0.003134455
0.003337884
0.003581401
0.003872477
0.004198533
0.004521183
0.004831177
0.005126663
0.005373836
0.005569427
0.005717878
0.005789253
0.005800701
0.005772118
0.005681072
0.005550241
0.005389615
0.005175777
0.004959974
0.004699679
0.004435666
0.004149694
0.00389248
0.003612726
0.003370109
0.003126038
0.002911492
0.00271788
0.002577706
0.002447245
0.002330904
0.002241311
0.002184789
0.002108576
0.002037477
0.001954891
0.001850479
0.001733575
0.001567732
0.001363151
0.001127922
0.0008569197
0.0005364809
0.0001867662
-0.0002090466
-0.000633782
-0.001054603
-0.001495226
-0.001918135
-0.002331685
-0.002722042
-0.003090879
-0.003437807
-0.003743922
-0.004027904
-0.004291357
-0.004534577
-0.004742199
-0.004928396
-0.005098481
-0.005243368
-0.00538322
-0.005503201
-0.005595501
-0.005698916
-0.005760706
-0.005799977
-0.005830099
-0.005835785
-0.005840959
-0.005835445
-0.005828851
-0.005807212
-0.005784195
-0.005745339
-0.005687049
-0.005665245
-0.005622896
-0.005577234
-0.005545968
-0.005518651
-0.005498336
-0.005471071
-0.005459505
-0.005443537
-0.005412856
-0.00539548
-0.005355977
-0.005319967
-0.005287888
-0.005226474
-0.00514492
-0.005049318
-0.004928378
-0.004794327
-0.004645618
-0.004480392
-0.004290869
-0.004109711
-0.003900531
-0.003695054
-0.00347882
-0.003276851
-0.003062431
-0.002863804
-0.002661419
-0.002467274
-0.002286094
-0.002103236
-0.001904906
-0.001729572
-0.001540739
-0.001354536
-0.001183512
-0.0009899386
-0.0008152733
-0.000610428
-0.0004083923
-0.000216059
-4.67998E-06
0.0002074144
0.000417833
0.0006382517
0.0008447443
0.0010622
0.001257475
0.001438214
0.001618182
0.001781676
0.001929067
0.002074362
0.002164958
0.002263091
0.002336645
0.00238993
0.002418412
0.00243128
0.002435153
0.002454263
0.002442619
0.0024264
0.002405932
0.002396506
0.002379693
0.002332295
0.002284528
0.002262446
0.002224158
0.002169232
0.002148574
0.002101014
0.002092266
0.002031368
0.002004395
0.001947948
0.001939784
0.001878129
0.001826532
0.001794251
0.001784848
0.001751023
0.00174771
0.001747241
0.001758428
0.001748195
0.001766664
0.00180461
0.001855017
0.001886361
0.001957425
0.002017076
0.002138844
0.002200069
0.002309915
0.002440873
0.002526924
0.0026353
0.002707376
0.002788372
0.002856259
0.002891325
0.002891325
0.002878284
0.002833159
0.002772109
0.0026602
0.002535408
0.002378398
0.002194932
0.002003025
0.0017852
0.001568109
0.001317322
0.001077128
0.000851184
0.0006200275
0.0004200977
0.000206399
2.578218E-05
-0.0001401888
-0.0002767572
-0.0003870607
-0.0005016646
-0.0005874099
-0.0006437842
-0.0006857703
-0.0007233928
-0.0007333341
-0.0007488795
-0.0007564169
-0.0007545318
-0.000766827
-0.0007878072
-0.0008042164
-0.0008235904
-0.0008525856
-0.0008765076
-0.0009307506
-0.000982502
-0.0010458
-0.001111776
-0.001197714
-0.001274399
-0.001371626
-0.001457616
-0.001547363
-0.0016363
-0.001737236
-0.001816721
-0.001928939
-0.002025023
-0.002102443
-0.002210556
-0.002298258
-0.002396092
-0.002475419
-0.002547235
-0.002638119
-0.002735907
-0.002795098
-0.002876041
-0.002936711
-0.003009293
-0.003049926
-0.003094787
-0.003112674
-0.003123369
-0.003131014
-0.003100619
-0.003055493
-0.003003555
-0.002931035
-0.002835481
-0.002725699
-0.002600602
-0.002457627
-0.002305992
-0.002143909
-0.001981535
-0.001816184
-0.0016317
-0.001476799
-0.001306615
-0.001130979
-0.0009752035
-0.0008184505
-0.0006692764
-0.0005230413
-0.0003598164
-0.0002473899
-0.0001355606
-2.662366E-06
8.34244E-05
0.0001618021
0.0002467167
0.0003518693
0.0004395331
0.0005183146
0.0005846295
0.000665291
0.0007204119
0.0007829255
0.0008500306
0.0009281812
0.001010753
0.001059946
0.001127891
0.001213496
0.001270262
0.001355165
0.001396696
0.001485931
0.001542076
0.001581101
0.001637033
0.001661901
0.00171162
0.001727729
0.001774088
0.001799679
0.00183613
0.001871025
0.001908392
0.001951483
0.001998289
0.002021949
0.002076527
0.002124665
0.002193568
0.002243519
0.002289571
0.002335148
0.00239568
0.002427972
0.002470382
0.002523771
0.002541576
0.002559138
0.002584352
0.00258927
0.002572838
0.002558659
0.00250741
0.002461764
0.002397754
0.002303987
0.002226175
0.002129041
0.002006595
0.001902105
0.001760203
0.001630366
0.001500338
0.001364811
0.001224315
0.00107816
0.0009503474
0.0008125287
0.0006787156
0.000538001
0.0004166313
0.0002864145
0.000176852
7.409509E-05
-1.363659E-05
-0.0001351368
-0.0002063102
-0.0002912865
-0.0004041044
-0.0004666696
-0.0005418849
-0.0006116578
-0.0006939638
-0.0007681821
-0.0008081598
-0.0008941115
-0.0009458715
-0.0009987555
-0.001058559
-0.001097888
-0.001130856
-0.001196057
-0.001225892
-0.001284112
-0.001312363
-0.001364831
-0.001395206
-0.001424753
-0.001446462
-0.001484335
-0.001513113
-0.001518516
-0.001552695
-0.001547514
-0.001563237
-0.001581331
-0.001593741
-0.001605893
-0.001601175
-0.001613888
-0.001604667
-0.00160739
-0.001605149
-0.001599081
-0.001597031
-0.001574168
-0.001544522
-0.001540982
-0.001510955
-0.001469336
-0.001450721
-0.001408861
-0.001353051
-0.001286055
-0.001234699
-0.001134715
-0.00105192
-0.0009778382
-0.0008735517
-0.0007789301
-0.0006767842
-0.0005602163
-0.0004394776
-0.0003142644
-0.0002033361
-7.066796E-05
4.214996E-05
0.0001685945
0.0002614413
0.0003679099
0.0004699941
0.0005685621
0.0006442656
0.0007195479
0.0007920595
0.0008411309
0.0008931484
0.0009300364
0.0009646019
0.00100915
0.001038076
0.001052583
0.001075275
0.001090511
0.001118342
0.0011354
0.001162193
0.001180867
0.001207332
0.001209798
0.001242899
0.001253597
0.001276858
0.001308335
0.00131416
0.001340592
0.001340042
0.001366155
0.001347293
0.001355421
0.001372851
0.001365923
0.001348983
0.001338584
0.001331613
0.001296639
0.001299467
0.001275589
0.001251071
0.001245602
0.001236924
0.001212942
0.001198382
0.001179147
0.001170814
0.001130446
0.001139288
0.001092223
0.001073744
0.001051246
0.001022066
0.0009667269
0.0009270238
0.0008984508
0.0008481051
0.0007844835
0.0007192701
0.0006752844
0.0006036096
0.0005520339
0.000482567
0.0004164968
0.0003411953
0.0002816352
0.0002168643
0.0001503958
9.992401E-05
4.511646E-05
-1.418136E-05
-8.095097E-05
-0.0001213393
-0.0001771341
-0.0002224666
-0.0002541053
-0.0002922519
-0.0003280037
-0.0003675582
-0.0003983963
-0.0004205372
-0.0004401236
-0.0004596111
-0.0004703078
-0.0004771465
-0.0004915774
-0.0004936876
-0.000499457
-0.0005192934
-0.000522789
-0.0005072926
-0.0005148811
-0.000517364
-0.0005206622
-0.0005212085
-0.0005017986
-0.0005144799
-0.0005008638
-0.0004763592
-0.0004937895
-0.0004684374
-0.00047333
-0.0004563248
-0.0004485937
-0.0004268106
-0.0004194198
-0.0004111881
-0.0004123243
-0.0004064517
-0.000397439
-0.0003767288
-0.0003619564
-0.0003531725
-0.000329216
-0.0003152174
-0.0002901078
-0.0002512305
-0.0002125868
-0.0001779676
-0.0001431544
-0.0001067125
-7.371773E-05
-2.283042E-05
2.107035E-05
7.178351E-05
0.0001132285
0.0001561699
0.0002100763
0.0002567631
0.0002805015
0.0003396496
0.0003724537
0.0003907628
0.0004380996
0.0004795723
0.0004919468
0.0005168684
0.0005501058
0.0005717188
0.0005893154
0.0006144936
0.0006370622
0.0006621852
0.0006564964
0.0006694531
0.0006772026
0.0006972665
0.0007002961
0.0006844718
0.0007048876
0.0006850602
0.0006989061
0.0006951365
0.0006849521
0.0006762103
0.000665321
0.0006583955
0.0006495587
