-1.225512E-05
-1.40161E-05
-2.195329E-06
-8.192123E-06
-9.622528E-06
-3.291755E-05
-6.28363E-05
-0.0001050839
-0.0001309714
-0.0001788633
-0.0002034553
-0.0002361788
-0.0002613858
-0.0003089645
-0.0003451235
-0.000362131
-0.0003598979
-0.0003676504
-0.000377038
-0.0003728171
-0.000375455
-0.0003809861
-0.0003957177
-0.0004087415
-0.0004341878
-0.0004419964
-0.0004609762
-0.0004663727
-0.000475681
-0.0004684512
-0.0004698081
-0.0004474848
-0.0004195535
-0.0003845035
-0.0003580445
-0.0003352734
-0.0003184448
-0.0002869538
-0.0002592018
-0.0002209619
-0.0001876497
-0.0001531695
-0.0001159866
-7.510676E-05
-6.357268E-05
-2.892914E-05
-9.62062E-06
8.432456E-06
2.1589E-05
3.8645E-05
6.08421E-05
0.000107065
0.0001360849
0.0001583463
0.0001996977
0.0002351425
0.0002817049
0.0003401435
0.0003963941
0.0004567435
0.0005276065
0.0005940252
0.0006529997
0.0006789019
0.0007106337
0.0007101524
0.0006860158
0.0006234964
0.0005442225
0.0004825849
0.000407448
0.0003261191
0.0002538112
0.0001641773
9.225828E-05
3.089717E-05
-4.223103E-05
-8.938307E-05
-0.0001627074
-0.0002447272
-0.0003239104
-0.0004056593
-0.0004867701
-0.000567972
-0.0006608643
-0.0007994497
-0.0009191629
-0.001058632
-0.001231989
-0.001410839
-0.001551595
-0.001669455
-0.001773247
-0.001889763
-0.002020755
-0.002148596
-0.002274426
-0.002398573
-0.002506004
-0.002600453
-0.00265689
-0.002698169
-0.002711448
-0.002665513
-0.002596685
-0.002489023
-0.002395384
-0.002282641
-0.002197779
-0.002102252
-0.002042501
-0.001988105
-0.001927706
-0.001870545
-0.001804754
-0.001696753
-0.001561202
-0.001419385
-0.001274638
-0.001108526
-0.0009527767
-0.0007825303
-0.0006251881
-0.0004733884
-0.0003315079
-0.0001701368
-2.829536E-05
0.0001314563
0.0003182002
0.0005017903
0.0007103482
0.0009375867
0.001167842
0.001371315
0.001533874
0.001649534
0.001721899
0.001755593
0.001768023
0.001773636
0.001771383
0.001763537
0.001779914
0.001810601
0.001839086
0.00188012
0.00191563
0.001986255
0.002058029
0.002146944
0.002285095
0.002404467
0.002549415
0.002676664
0.002796535
0.002906818
0.003018182
0.003103523
0.003181328
0.00321945
0.003213432
0.003137276
0.003015439
0.002850016
0.002608952
0.002398979
0.002213844
0.001916951
0.0017172
0.001528163
0.00131184
0.001100294
0.0008615802
0.0006930599
0.0004991845
0.00035487
0.0002150445
9.373232E-05
-2.038691E-05
-0.0001365916
-0.0002467184
-0.0003403743
-0.0003972991
-0.000418743
-0.0003935441
-0.0003687448
-0.0003215606
-0.0002724011
-0.0002209597
-0.0001829264
-0.0001521434
-0.0001587263
-0.0001291305
-0.0001334648
-8.57726E-05
2.79067E-05
0.0001243772
0.0002069315
0.0002346236
0.0001568749
3.355522E-05
-0.0001204891
-0.0002798883
-0.0004810806
-0.0006829938
-0.000827294
-0.0009889135
-0.001110707
-0.001224108
-0.001295617
-0.001371188
-0.001445753
-0.001537429
-0.00164119
-0.001761654
-0.001910856
-0.00212311
-0.002287786
-0.002491276
-0.0026601
-0.002852135
-0.003008846
-0.003138155
-0.003160764
-0.003168349
-0.003096623
-0.002931094
-0.002690531
-0.002436544
-0.0021661
-0.001936666
-0.001710428
-0.001447928
-0.001130935
-0.0007472229
-0.0002372553
0.000275129
0.0007767976
0.001179078
0.001486257
0.001692537
0.001739859
0.001618295
0.001324484
0.0008895256
0.0004266012
-9.129567E-06
-0.0003617587
-0.0005351812
-0.000612864
-0.0005074258
-0.000263743
8.166494E-05
0.0004621342
0.0009073922
0.001352498
0.001774743
0.002093491
0.002273458
0.002378608
0.002406395
0.002362866
0.002271281
0.002047974
0.00183621
0.001541907
0.001171261
0.0007213057
0.0001427818
-0.0005028996
-0.001241487
-0.002031772
-0.002797762
-0.003534405
-0.00421344
-0.004811767
-0.005290938
-0.005671036
-0.005929136
-0.006029004
-0.006027006
-0.005911023
-0.005672252
-0.005345696
-0.00490482
-0.004399787
-0.003833368
-0.003264317
-0.002697005
-0.002116735
-0.001553381
-0.0009937434
-0.0004349357
6.92378E-05
0.0004996216
0.0008393758
0.001079584
0.001293074
0.001544181
0.001831614
0.002158028
0.002566683
0.003022188
0.003468728
0.004051045
0.004681103
0.005393816
0.006164402
0.00689166
0.007637532
0.008308163
0.008881521
0.009357361
0.009683543
0.009877938
0.009931683
0.009846833
0.009683019
0.009452166
0.009175695
0.008872207
0.008554615
0.008246548
0.007890768
0.007560395
0.00717624
0.006853579
0.00657617
0.006307039
0.00601053
0.00574709
0.005462268
0.005180669
0.004890858
0.00457102
0.004228448
0.003805414
0.003313295
0.002777133
0.002179685
0.001562449
0.0008925997
0.0002157348
-0.000501468
-0.001237438
-0.001978843
-0.002684931
-0.003339506
-0.003939636
-0.004453055
-0.004871289
-0.005211322
-0.005477267
-0.005673761
-0.005794292
-0.005832929
-0.005773538
-0.005659124
-0.005472244
-0.005231151
-0.004933908
-0.0046002
-0.004319619
-0.00404647
-0.003830578
-0.003659873
-0.0035106
-0.003398319
-0.003317367
-0.003289313
-0.003318397
-0.00335604
-0.003413682
-0.003454801
-0.003425805
-0.003321082
-0.003170074
-0.002962371
-0.002761878
-0.002533073
-0.002239232
-0.001929122
-0.00164121
-0.00132651
-0.001013582
-0.0007280277
-0.0004565335
-0.0002469875
-4.99352E-05
0.0001157284
0.000231736
0.0003450415
0.0003897134
0.0004200349
0.0004527328
0.0004241448
0.0003903927
0.0003385304
0.0002361893
0.0001599438
9.55213E-05
1.257853E-05
-3.138062E-05
-8.122763E-05
-0.0001218184
-0.0001896109
-0.0002903172
-0.0004532475
-0.000670639
-0.0009424777
-0.001263108
-0.001620789
-0.002020674
-0.002457172
-0.002869676
-0.00328806
-0.00368499
-0.004070515
-0.004400852
-0.004642838
-0.004859341
-0.004947047
-0.004975948
-0.004930055
-0.004809857
-0.004606942
-0.004255169
-0.003774699
-0.003196342
-0.002490123
-0.001736325
-0.000867753
3.4862E-05
0.0009476764
0.001825897
0.002648068
0.003396583
0.004028104
0.004615246
0.005123569
0.005552409
0.005909001
0.006178844
0.00634311
0.006433386
0.006469874
0.006479667
0.006470848
0.00646701
0.006488709
0.00652691
0.006575488
0.006619642
0.006675166
0.006703367
0.006732933
0.006751074
0.006767212
0.006776608
0.006768355
0.006774538
0.006797333
0.006833417
0.006859842
0.006909392
0.006996505
0.007104951
0.007204276
0.007291627
0.007325188
0.007314804
0.007249898
0.007136809
0.006934042
0.006680472
0.006349091
0.005957072
0.005520684
0.005045173
0.004559869
0.004021038
0.00347301
0.002925646
0.002332449
0.001746336
0.001140904
0.0005293295
-0.0001016467
-0.00073573
-0.001334602
-0.001884785
-0.002375712
-0.002840016
-0.003241427
-0.003610711
-0.003991957
-0.004386037
-0.004774771
-0.005169683
-0.005559702
-0.005948265
-0.006288288
-0.006636488
-0.006944862
-0.007199788
-0.007385328
-0.007515562
-0.007574955
-0.007559486
-0.007492986
-0.007349577
-0.007182365
-0.006923587
-0.006624751
-0.006307449
-0.005960827
-0.005672229
-0.005390058
-0.005147987
-0.004932055
-0.004730785
-0.004558699
-0.004396197
-0.004244121
-0.004082966
-0.003946156
-0.00377931
-0.003549749
-0.003317356
-0.003057258
-0.002766474
-0.002472258
-0.002174508
-0.001869305
-0.001553336
-0.001233783
-0.0008941723
-0.0005399805
-0.0001279035
0.0003535085
0.0008499386
0.001432644
0.002046143
0.00266957
0.00330881
0.003980184
0.004664602
0.005354734
0.006021102
0.006661562
0.007228535
0.007743129
0.008189087
0.008526586
0.00879271
0.008981803
0.009078105
0.009108952
0.009081718
0.008997768
0.00884872
0.00864993
0.008415444
0.008150276
0.007809507
0.007447522
0.00698914
0.006462033
0.005837242
0.005132939
0.004362589
0.00355813
0.002722507
0.001909919
0.001107721
0.0003623997
-0.0003139059
-0.0009576628
-0.00153905
-0.002065619
-0.002554159
-0.002947452
-0.003264017
-0.003554842
-0.003816651
-0.004069105
-0.004303224
-0.00455457
-0.004798578
-0.005057136
-0.005303252
-0.005487794
-0.005595785
-0.005755155
-0.005884902
-0.00599802
-0.006079999
-0.006193256
-0.006269234
-0.006334961
-0.006381265
-0.006471172
-0.006565305
-0.006680677
-0.006819917
-0.006966907
-0.007078503
-0.007138559
-0.007149675
-0.007060852
-0.006914231
-0.006696755
-0.006426659
-0.00613739
-0.005852447
-0.00556158
-0.00522232
-0.004837465
-0.004387176
-0.003851028
-0.003229151
-0.002533387
-0.001840178
-0.001157504
-0.0005008208
0.0001281571
0.0007206787
0.001306828
0.001882355
0.002484962
0.003126171
0.003798285
0.004475524
0.005137634
0.005786797
0.006412497
0.00698555
0.007523002
0.007985609
0.008353058
0.008622744
0.008827866
0.008973933
0.009050363
0.009106852
0.009114706
0.00905229
0.008962231
0.008796631
0.008584332
0.008369909
0.008147431
0.007958365
0.007744579
0.00754102
0.007347562
0.007153886
0.006959798
0.006761825
0.006544305
0.006367034
0.006182395
0.006021088
0.005840494
0.005654887
0.005438435
0.005212115
0.004991751
0.004808651
0.004610483
0.004452998
0.004286175
0.004128999
0.003989986
0.003879849
0.003813406
0.00372484
0.003667237
0.003659599
0.0036134
0.0035425
0.003396499
0.00318409
0.002866611
0.002502474
0.002056823
0.001588981
0.001113213
0.0006474326
0.0001803437
-0.0002980206
-0.00076429
-0.001254256
-0.001753974
-0.002265469
-0.002781899
-0.003252944
-0.003671783
-0.004013449
-0.004257874
-0.004403724
-0.004458509
-0.004376856
-0.004191026
-0.003924959
-0.003529011
-0.003090715
-0.002662472
-0.002259484
-0.001922107
-0.001626772
-0.001374014
-0.001149911
-0.0009800593
-0.0008353589
-0.0006926769
-0.0005765338
-0.0005393839
-0.0005617532
-0.000648023
-0.0008178335
-0.001094808
-0.001429278
-0.001802964
-0.002183376
-0.0025453
-0.002845948
-0.003041068
-0.00314952
-0.003109687
-0.003009717
-0.002794754
-0.002462605
-0.002153117
-0.001796271
-0.001405272
-0.001037514
-0.0006712995
-0.0002645506
0.0001517828
0.0005667453
0.000980714
0.001404601
0.001795923
0.00217114
0.002500912
0.002812451
0.003073308
0.003311788
0.003504518
0.003650853
0.003723769
0.003744848
0.003674271
0.003596233
0.003506273
0.003400976
0.003299042
0.003203459
0.003128353
0.003059448
0.002982151
0.002903125
0.002804734
0.002678985
0.002472411
0.002257134
0.001989734
0.001634982
0.001242366
0.0007864616
0.0003159427
-0.0001584106
-0.0005932284
-0.001022514
-0.001353471
-0.001650295
-0.001870858
-0.002032458
-0.002165147
-0.002262603
-0.002372056
-0.002426816
-0.002451487
-0.00246786
-0.002488905
-0.002513567
-0.002542572
-0.002583368
-0.00263643
-0.002705448
-0.002791851
-0.002905976
-0.003040116
-0.003165504
-0.003326273
-0.003496021
-0.003694457
-0.00388376
-0.004084916
-0.004274115
-0.004482065
-0.004698635
-0.004926718
-0.005153022
-0.005392293
-0.005646556
-0.005898521
-0.006099958
-0.006247634
-0.006358427
-0.006413832
-0.006394431
-0.006339244
-0.006208624
-0.006048467
-0.005810567
-0.005477429
-0.005116368
-0.004632819
-0.00415916
-0.003586122
-0.002974421
-0.002342725
-0.001679657
-0.001044517
-0.000448578
0.0001050786
0.0005994189
0.001017425
0.001358415
0.001652621
0.001907025
0.002092174
0.002247954
0.002369685
0.002553195
0.002746576
0.002941157
0.003168684
0.00341668
0.003663725
0.003901992
0.004123708
0.0043505
0.004571114
0.00479806
0.005014344
0.005220514
0.005401675
0.005575379
0.005758716
0.005979183
0.006208082
0.006439909
0.00667212
0.00691664
0.007139876
0.007330887
0.007455224
0.007475742
0.007388817
0.007135758
0.006836264
0.006458443
0.006024887
0.005602967
0.005194664
0.004822914
0.004513454
0.004256744
0.004071746
0.003922713
0.003886421
0.003887639
0.003925383
0.004013181
0.004129591
0.004262672
0.00435994
0.004426244
0.004449554
0.00444498
0.0043979
0.004329735
0.004229919
0.004116724
0.00398161
0.003787528
0.003570338
0.003308049
0.003036778
0.002755962
0.002481836
0.002228005
0.001944873
0.001683935
0.001409993
0.001119815
0.0008103622
0.0004980707
0.000187483
-0.000100531
-0.0003663794
-0.0005904353
-0.0007841357
-0.0009389056
-0.001051293
-0.001121073
-0.001142247
-0.001096537
-0.001010559
-0.0009006052
-0.0007532957
-0.0005942408
-0.0004300471
-0.0002314089
-7.355709E-06
0.0002026575
0.0004024484
0.0005986726
0.0007540703
0.0009089502
0.001037855
0.001120901
0.001175268
0.001210417
0.001238019
0.001246279
0.001252407
0.001252427
0.001223432
0.001188342
0.00110213
0.0009428352
0.0007616644
0.0005201402
0.0002022301
-0.0001485772
-0.0005110708
-0.0008989683
-0.00128185
-0.00164674
-0.001962956
-0.002232533
-0.002418292
-0.002542706
-0.00255098
-0.002478627
-0.002314747
-0.002077932
-0.001799453
-0.001492094
-0.001156901
-0.0008528069
-0.0006080778
-0.000416941
-0.0003149661
-0.0003038836
-0.0003560162
-0.0004839156
-0.0006779701
-0.0008812218
-0.001103866
-0.001300932
-0.001441487
-0.001565826
-0.001625749
-0.001648601
-0.001592218
-0.001507083
-0.001319685
-0.001106267
-0.000859249
-0.0005962741
-0.0003321928
-9.646591E-05
0.0001227686
0.0002952175
0.0004265377
0.0005090077
0.0005599398
0.0006033909
0.0006145515
0.0006188762
0.0006619816
0.0007249279
0.0008292902
0.0009454255
0.001110135
0.00126374
0.001444126
0.001602341
0.001741459
0.001867565
0.001953218
0.002010034
0.002035689
0.002073623
0.002079905
0.002122012
0.002180232
0.002274186
0.002391841
0.002544209
0.002703909
0.002852817
0.002962686
0.003010981
0.003002197
0.002923465
0.002747208
0.002507138
0.002219708
0.001868507
0.0014714
0.001046903
0.0006331715
0.0001937324
-0.000244826
-0.0006811774
-0.001124878
-0.00153303
-0.001941779
-0.002327651
-0.002713805
-0.003091458
-0.003454784
-0.003786269
-0.004111163
-0.004393088
-0.004677833
-0.004854574
-0.005033713
-0.005165222
-0.005273309
-0.00536084
-0.005419688
-0.005448819
-0.005473393
-0.005457499
-0.005419963
-0.005392337
-0.005337008
-0.00526662
-0.00516361
-0.005029597
-0.004866148
-0.004706868
-0.004504448
-0.004286482
-0.004072704
-0.003834145
-0.003593171
-0.003320957
-0.00305166
-0.002776409
-0.00250673
-0.002184714
-0.001852488
-0.001488624
-0.001103392
-0.0006690554
-0.0002347956
0.0002333699
0.0007207078
0.001222365
0.001726378
0.002211059
0.002714204
0.003197588
0.003662511
0.00411369
0.004551417
0.004970503
0.005369554
0.00576343
0.006139556
0.006523464
0.006917214
0.007312293
0.007709138
0.008089901
0.008446399
0.008785255
0.009109308
0.009413727
0.009702001
0.009989523
0.01027585
0.01054949
0.01080076
0.01102041
0.01118702
0.01129971
0.01136907
0.01135013
0.01125923
0.01112615
0.01093352
0.01069072
0.01038002
0.01009377
0.009750548
0.009409695
0.009050705
0.008666932
0.008264687
0.007898193
0.007524531
0.007151219
0.006802585
0.006449827
0.006145752
0.005844416
0.005587105
0.005316426
0.005036208
0.004791081
0.004522545
0.004242571
0.00395677
0.003632199
0.003268118
0.002891097
0.002463184
0.001988296
0.00146694
0.0009050306
0.0002834891
-0.0003511841
-0.001006626
-0.001645887
-0.002267996
-0.002877509
-0.003420433
-0.003904379
-0.00433341
-0.004711029
-0.005012562
-0.005252023
-0.005470385
-0.005623616
-0.005731987
-0.005815989
-0.005865489
-0.005915164
-0.005952415
-0.006016613
-0.006096875
-0.006203977
-0.006333767
-0.006487266
-0.006647962
-0.006826935
-0.00701571
-0.007235294
-0.007465529
-0.00770505
-0.007943193
-0.008177295
-0.00844331
-0.008663925
-0.008900567
-0.009122227
-0.009326018
-0.00950013
-0.00964436
-0.009743815
-0.00979504
-0.00977391
-0.009722191
-0.009597427
-0.009425682
-0.009208683
-0.008938082
-0.008640554
-0.00827753
-0.007884435
-0.007439054
-0.006964534
-0.00645495
-0.005897403
-0.005360188
-0.004830854
-0.004316006
-0.003780461
-0.003276171
-0.002784607
-0.002298388
-0.001818959
-0.001328531
-0.0008725634
-0.0004096164
5.312197E-05
0.0005158724
0.0009274446
0.001368223
0.001798132
0.002193879
0.002581408
0.002946576
0.003276187
0.003587134
0.003874148
0.004154035
0.004409733
0.004665502
0.004919798
0.005165864
0.005397412
0.005631742
0.005864431
0.006086898
0.006322389
0.00653714
0.00675464
0.006962989
0.007150631
0.007317982
0.007445522
0.007559821
0.007636618
0.007712378
0.007762171
0.007798859
0.00782274
0.007857227
0.007899444
0.007953036
0.008027944
0.008104379
0.008221283
0.008357171
0.008549015
0.008746185
0.008979402
0.009251477
0.00952664
0.009789097
0.01004774
0.01028551
0.01049832
0.01065778
0.0107582
0.01078831
0.01073244
0.01058658
0.01037071
0.01010789
0.009771705
0.0093811
0.008954103
0.008474994
0.007985406
0.007433126
0.006850335
0.006243392
0.005602944
0.004916335
0.004248134
0.003558141
0.002818818
0.00209991
0.001394968
0.0007191821
8.781827E-05
-0.000507363
-0.00108899
-0.001541466
-0.002053571
-0.002494718
-0.002898528
-0.003290448
-0.00365134
-0.003996308
-0.004311703
-0.00462807
-0.004931557
-0.005209313
-0.005465647
-0.005712253
-0.005950948
-0.006171234
-0.006375455
-0.006576011
-0.006771144
-0.006964005
-0.007157301
-0.007347283
-0.007535061
-0.007758853
-0.00797836
-0.00821768
-0.008462573
-0.008708354
-0.008946093
-0.009148527
-0.009382111
-0.00961323
-0.009817778
-0.01002636
-0.010232
-0.01044134
-0.01064691
-0.01084755
-0.0110435
-0.01121421
-0.01137603
-0.01150074
-0.01159095
-0.01163088
-0.01161242
-0.01153557
-0.01139685
-0.01119779
-0.01094859
-0.01065254
-0.01032514
-0.009935167
-0.009528018
-0.009119355
-0.008701961
-0.008272011
-0.007834275
-0.007373839
-0.006894819
-0.006405066
-0.005868142
-0.005312355
-0.004753722
-0.004149996
-0.003532019
-0.002887766
-0.002225167
-0.001556863
-0.0009131237
-0.0002679092
0.0003652876
0.0009064501
0.001512852
0.002051085
0.002534894
0.002963133
0.00335087
0.003692782
0.003960483
0.004226895
0.004435651
0.004635654
0.004826851
0.005019681
0.005202045
0.005371965
0.005543139
0.00569272
0.00585439
0.006028903
0.006211177
0.00639072
0.006594571
0.006786041
0.006998649
0.00718948
0.007400848
0.007613753
0.007830635
0.008044204
0.008266638
0.008487024
0.008706203
0.008901373
0.009075744
0.009238094
0.009358868
0.009470747
0.00956801
0.009652632
0.00973045
0.009787624
0.009830921
0.009855537
0.009877578
0.009888534
0.009883057
0.00987313
0.009837627
0.009806784
0.009749833
0.009647624
0.009533605
0.009380272
0.009199723
0.008988572
0.008708468
0.008389429
0.008062219
0.00769816
0.007301837
0.006900684
0.006481778
0.006050353
0.00561314
0.005167307
0.004718562
0.004271424
0.003837401
0.003393904
0.002955435
0.002497753
0.002059207
0.00162455
0.001193905
0.0007813824
0.000383369
2.236332E-05
-0.0003474169
-0.0006870216
-0.0009894089
-0.001243009
-0.001458434
-0.00160239
-0.001696694
-0.001743436
-0.001723569
-0.001686414
-0.001613992
-0.001519047
-0.001449701
-0.001381738
-0.001327606
-0.00129196
-0.00130122
-0.001330727
-0.001385103
-0.001466346
-0.001565333
-0.001699721
-0.001809279
-0.00190439
-0.001982605
-0.002021685
-0.002037649
-0.002011172
-0.001949624
-0.001868276
-0.001766425
-0.001662766
-0.001562565
-0.001479411
-0.001418095
-0.00138632
-0.00136618
-0.001371158
-0.001395958
-0.00144534
-0.001504753
-0.001581266
-0.001664067
-0.001762737
-0.001890026
-0.002054968
-0.002209399
-0.002370487
-0.002540164
-0.002738933
-0.002933272
-0.003100401
-0.003281208
-0.003474743
-0.003628067
-0.003757867
-0.003889696
-0.003893669
-0.00384405
-0.003726898
-0.003552804
-0.003335227
-0.003076885
-0.002772378
-0.002443177
-0.002104266
-0.001754331
-0.001412228
-0.00106413
-0.0007346866
-0.0004154508
-0.0001146825
0.0001715065
0.000437309
0.0007029891
0.0009364455
0.001150525
0.001336992
0.001486692
0.001562762
0.001691485
0.001755822
0.001794679
0.001807675
0.001847084
0.001837566
0.00182266
0.001814697
0.001816715
0.001837194
0.001867435
0.001911075
0.001989225
0.002108442
0.002262965
0.002442666
0.002661282
0.002919375
0.003189496
0.003498217
0.003826043
0.004164331
0.004516968
0.00485885
0.005213552
0.005548439
0.005873613
0.00616816
0.006442788
0.006702296
0.006928158
0.007128205
0.007282214
0.007430045
0.007537136
0.007626698
0.007680647
0.00769761
0.007698287
0.00766381
0.007605087
0.007514325
0.007384617
0.007224123
0.007026484
0.00679592
0.006520585
0.006227635
0.005900021
0.005554202
0.005207318
0.004834074
0.004456094
0.004095452
0.00373664
0.003374639
0.003026641
0.002683235
0.002352269
0.0020154
0.001714099
0.001409728
0.001169826
0.0008935144
0.0006264165
0.0003796667
0.0001457274
-7.583404E-05
-0.0002948205
-0.0004854247
-0.0006608636
-0.0008319322
-0.0009857693
-0.001152964
-0.001302703
-0.001472224
-0.00158715
-0.001731434
-0.001893634
-0.002017175
-0.002168047
-0.002278278
-0.002422474
-0.002559906
-0.002694245
-0.00282677
-0.002939452
-0.003081264
-0.003157287
-0.003264048
-0.003299217
-0.003363302
-0.003428295
-0.003427346
-0.003440414
-0.003449774
-0.00343271
-0.003402817
-0.003369698
-0.003305397
-0.003260713
-0.003202528
-0.003151147
-0.003103309
-0.003073497
-0.003036788
-0.002992198
-0.002962266
-0.002914201
-0.002849409
-0.002796136
-0.002709036
-0.002634536
-0.002538221
-0.002436109
-0.002342818
-0.002232465
-0.002123938
-0.002012419
-0.001894187
-0.001775154
-0.00164498
-0.001507429
-0.001370972
-0.001210252
-0.00104848
-0.0008611543
-0.0006573922
-0.0004499322
-0.0002296564
-3.181959E-05
0.0001889292
0.0004132347
0.0006243806
0.000834747
0.001028288
0.001206576
0.001379562
0.00153529
0.001687254
0.001814746
0.001928242
0.002040952
0.002153488
0.002248047
0.002330052
0.002409082
0.00247624
0.002541057
0.002582827
0.002617656
0.002613782
0.00263669
0.002645491
0.002648022
0.002631489
0.002625325
0.002615117
0.002564366
0.002580937
0.002589528
0.002602624
0.00262902
0.002672157
0.002702484
0.002736109
0.002771401
0.002807003
0.002849207
0.002860971
0.002877109
0.002868269
0.002866565
0.002843735
0.002819967
0.002789778
0.002735041
0.002709906
0.002632688
0.002576324
0.002503499
0.002439522
0.002353666
0.002293684
0.002213126
0.002124778
0.002054849
0.001993727
0.001917224
0.001849234
0.001793292
0.001734994
0.001684129
0.001634158
0.001594448
0.00153954
0.001482227
0.0014279
0.001342139
0.001276554
0.001184842
0.001098955
0.00102377
0.000924424
0.0008239931
0.0007374551
0.0006563698
0.0005905086
0.0005241196
0.0004611158
0.0004148586
0.00035948
0.0003118904
0.0002668373
0.0002183622
0.0001820073
0.0001432288
0.0001247575
7.870127E-05
4.761183E-05
2.976706E-05
1.142806E-05
-4.77046E-06
-1.745397E-05
-3.309517E-05
-3.398527E-05
-4.175674E-05
-2.872633E-05
-4.530292E-05
-6.03233E-05
-6.650236E-05
-9.141436E-05
-0.0001131751
-0.0001420818
-0.0001701637
-0.0002047444
-0.0002359804
-0.0002719944
-0.0002990618
-0.0003224736
-0.0003238337
-0.0003366563
-0.0003493314
-0.0003463221
-0.0003631172
-0.0003586269
-0.0003711925
-0.0003743641
-0.0003910109
-0.0004209205
-0.0004482419
-0.0004984942
-0.0005402322
-0.0005878497
-0.0006653347
-0.0006936603
-0.0007503863
-0.0007790501
-0.000799072
-0.0008108097
-0.0008012409
-0.0007937623
-0.0007707271
-0.0007525796
-0.0007062003
-0.0006599938
-0.0006027134
-0.0005610741
-0.000508179
-0.000454163
-0.0003948384
-0.0003238627
-0.0002717753
-0.0002090361
-0.0001189029
-4.130623E-05
4.850839E-05
0.0001240049
0.0002223436
0.0003015367
0.0003958742
0.0004717676
0.0005377828
0.0006062599
0.0006571456
0.0007074901
0.0007413325
0.0007883409
0.0008208717
0.0008568613
0.0008895049
0.0009319836
0.0009642477
0.0009944525
0.00104809
0.001097434
0.001158352
0.001211045
0.00126388
0.001326686
0.001372562
0.001416231
0.001461832
0.001492521
0.00152075
0.001545458
0.001557971
0.001570463
0.001605455
0.00163121
0.001663741
0.001699843
0.001714955
0.001741255
0.00176918
0.001795274
0.00181443
0.001798696
0.001812036
0.001785464
0.001773303
0.001747065
0.001705002
0.001699601
0.001676085
0.001649823
0.001631508
0.001623538
0.001617742
0.001604332
0.00158438
0.001557874
0.001494967
0.001463403
0.001414249
0.001334852
0.001267983
0.001200781
0.001124876
0.001067096
0.001002575
0.0009505556
0.0008917372
0.0008562231
0.0007963238
0.0007478272
0.0006869565
0.0006239997
0.0005643531
0.0005025542
0.0004330604
0.0003659518
0.0003034088
0.0002469521
0.0001860895
0.0001337479
0.0001077865
7.83025E-05
4.876814E-05
2.794884E-05
2.391063E-05
2.179156E-05
1.567986E-05
2.101073E-05
2.349588E-05
6.389891E-06
5.388433E-06
-8.37288E-06
-1.756044E-05
-3.289313E-05
-4.599064E-05
-5.649536E-05
-6.727023E-05
-5.25606E-05
-7.889388E-05
-4.986006E-05
-6.043587E-05
-3.104007E-05
-1.152463E-06
-1.138649E-05
1.174462E-05
1.582865E-05
2.932106E-05
2.989117E-05
1.50734E-05
8.541856E-06
9.924847E-06
1.74666E-05
1.167554E-05
3.254489E-05
5.501231E-05
6.400882E-05
7.722015E-05
0.000111356
0.0001352426
0.0001608797
0.000179596
0.0002049606
0.0002034501
0.0002179086
0.0002270846
0.0002467998
0.0002443518
0.0002604073
0.0002746891
0.0002900922
0.0003180738
0.0003423885
0.0003801738
0.0004128003
0.0004375841
0.0004613997
0.0005069284
0.0005249092
0.0005480318
0.0005708919
0.0005969481
0.0006135957
0.0006353495
0.0006527252
0.0006717592
0.0007088372
0.0007326674
0.0007641732
0.0007885584
0.0008142992
0.0008295585
0.0008422908
0.0008461428
0.0008637081
0.0008455892
0.0008635764
0.0008694868
0.0008526957
0.0008546303
0.0008479177
0.0008726917
0.0008581341
0.0008654522
0.0008811147
0.0008934838
0.0009057939
0.0008942455
0.0009247166
0.0009235568
0.0009184006
0.0009366124
0.0009219192
0.0009204157
0.0009343803
0.000938516
0.0009230895
0.0009333818
0.0009292447
0.0009421449
0.0009549489
0.0009494834
0.0009578344
0.0009596676
0.0009550025
0.0009477883
0.0009438457
0.0009354853
0.0009247708
0.0009168944
0.0009029995
0.0008958161
0.0008818803
0.0008713464
0.0008614664
0.0008565712
0.0008328381
0.0008047911
0.0007775628
0.0007529709
0.0007235047
0.0006832779
0.0006437604
0.0006197629
0.0005778187
0.0005476614
0.0005380636
0.0005129545
0.0004934193
0.0004898381
0.0004727199
0.0004650645
0.0004413445
0.0004395551
0.0004056254
0.000378795
0.0003554341
0.0003308321
0.0003124396
0.0002912033
0.0002925407
0.0002737307
0.000257745
0.0002656382
0.0002625488
0.0002649509
0.0002683533
0.0002660748
0.0002608254
0.0002550049
