3.986719E-07
2.893929E-06
-9.625886E-06
4.801257E-06
-4.051157E-05
-3.964129E-05
-9.307553E-05
-0.0001378729
-0.000190838
-0.0002561493
-0.0003070584
-0.0003830798
-0.0003917834
-0.0004520489
-0.0005009519
-0.0005567826
-0.0005845801
-0.0005993075
-0.0006369295
-0.000658829
-0.0006624346
-0.0006432254
-0.0006567337
-0.0006732078
-0.000678628
-0.0006926209
-0.0007018613
-0.0007128442
-0.0007291996
-0.0007416407
-0.0007352994
-0.0007283916
-0.000715352
-0.0006803945
-0.0006766828
-0.0006641712
-0.0006488696
-0.0006369778
-0.0006192016
-0.00061463
-0.0006191073
-0.0005963241
-0.0005793428
-0.0006018515
-0.0005717722
-0.0005434914
-0.0005366106
-0.0004978368
-0.0004551385
-0.0004411396
-0.0003975113
-0.0003497637
-0.0003288416
-0.0002901154
-0.0002517544
-0.0002009355
-0.0001465712
-6.955544E-05
1.242301E-05
0.0001225235
0.0002404554
0.0003438698
0.0004563869
0.000547662
0.0006103155
0.0006442628
0.0006473989
0.0005871108
0.0005159898
0.0003866819
0.0002492066
0.0001203763
2.728712E-06
-0.0001275214
-0.0002265988
-0.0003183036
-0.0004004174
-0.0004674015
-0.0005553686
-0.0006403074
-0.0007410835
-0.0008422739
-0.0009862778
-0.001175643
-0.001352596
-0.001520522
-0.001691239
-0.001857463
-0.001994617
-0.002094362
-0.002167171
-0.002198584
-0.002229054
-0.00224291
-0.0023222
-0.002380478
-0.002482786
-0.002627866
-0.002776405
-0.002964382
-0.003175295
-0.003390625
-0.00358665
-0.003732617
-0.003817247
-0.003883825
-0.003942295
-0.003913818
-0.003860741
-0.003791465
-0.003690875
-0.00356316
-0.003430066
-0.003274946
-0.003124991
-0.003005769
-0.002858766
-0.002736919
-0.002635885
-0.002565281
-0.002512664
-0.002481613
-0.002436277
-0.002426669
-0.00242794
-0.002404925
-0.002351482
-0.002298524
-0.002214676
-0.00207942
-0.001905534
-0.00166529
-0.00142722
-0.001130595
-0.0008357833
-0.0005323028
-0.0002192865
6.168512E-05
0.000363064
0.0006400314
0.000911999
0.001160606
0.00141071
0.001597384
0.00181282
0.001944046
0.002091012
0.002276626
0.002478721
0.002701814
0.002946365
0.003211242
0.003508771
0.003799332
0.004100075
0.004401385
0.004680399
0.004954848
0.005211078
0.005434179
0.005628653
0.005745056
0.005815893
0.005838073
0.005842774
0.005809789
0.005783273
0.005770406
0.005787097
0.005821742
0.005862499
0.005859112
0.005914039
0.00592938
0.005923592
0.005909983
0.005864418
0.005776561
0.005644035
0.005502084
0.00530101
0.005099268
0.004895899
0.004802112
0.004656179
0.00455995
0.004468186
0.004368763
0.004264102
0.004146372
0.00398245
0.003723248
0.003402479
0.003049962
0.002708197
0.002321164
0.001965735
0.001544727
0.001063065
0.0005075917
-0.0001033102
-0.0007413073
-0.001373902
-0.001982827
-0.002545745
-0.003086672
-0.003593016
-0.004069239
-0.004484979
-0.00483839
-0.005127275
-0.005411014
-0.005667928
-0.005849678
-0.006037514
-0.006202823
-0.006320236
-0.006390139
-0.006402622
-0.006347288
-0.006251771
-0.006105111
-0.005903719
-0.005677711
-0.005392356
-0.005045895
-0.004645261
-0.004153389
-0.003595481
-0.003058329
-0.002566726
-0.002106682
-0.001653361
-0.001164219
-0.0006803966
-0.0001498504
0.0003924976
0.0008677726
0.001206817
0.001401415
0.00145041
0.001286482
0.0008762615
0.0002269083
-0.0006108643
-0.001579153
-0.002533223
-0.003419263
-0.004143803
-0.004702992
-0.005025675
-0.005115664
-0.005049396
-0.004819123
-0.004475272
-0.004072001
-0.003607739
-0.003231402
-0.003006946
-0.002881974
-0.002854231
-0.002842838
-0.002880209
-0.002868057
-0.002873853
-0.002788304
-0.002648898
-0.002517138
-0.002415331
-0.00235478
-0.002337492
-0.002382114
-0.002519647
-0.002732656
-0.003067147
-0.003478107
-0.00403687
-0.004691881
-0.005338904
-0.005998936
-0.006664058
-0.007275843
-0.007774248
-0.008061999
-0.008063327
-0.007806311
-0.007291207
-0.006488063
-0.005430609
-0.004147224
-0.002699639
-0.00110823
0.0005596025
0.002178059
0.003605098
0.004781315
0.005682374
0.006320613
0.006719502
0.006934142
0.006916097
0.006711069
0.006335778
0.005901905
0.005464384
0.005136555
0.00491175
0.004876474
0.005035579
0.005349779
0.005810671
0.006355164
0.006888565
0.007346378
0.007711585
0.007958685
0.008029616
0.007979634
0.007812908
0.007634172
0.007452934
0.007279986
0.007224946
0.007293912
0.007461641
0.007819345
0.008358146
0.009027661
0.009777466
0.01049724
0.01117834
0.01176217
0.01220927
0.01247364
0.01254122
0.01240071
0.01203571
0.01147592
0.01077417
0.009991011
0.009169053
0.008375651
0.007716103
0.007064045
0.006558602
0.006173068
0.005905094
0.005716666
0.005647965
0.005690668
0.00572651
0.00585902
0.005899892
0.005874696
0.005812068
0.005667074
0.005490929
0.0052344
0.004989284
0.004763593
0.004578243
0.004365105
0.004163668
0.003935055
0.00366648
0.003346275
0.003005018
0.0025669
0.002040706
0.001394068
0.0006087069
-0.0003306189
-0.001368562
-0.002444246
-0.003515167
-0.004551805
-0.005597802
-0.006617083
-0.007603001
-0.008518076
-0.009338587
-0.01005173
-0.01065553
-0.01107686
-0.01137325
-0.01153877
-0.01158844
-0.01150522
-0.01129757
-0.01102598
-0.01066691
-0.01028199
-0.009878253
-0.009498851
-0.009145475
-0.008868999
-0.008617042
-0.008516966
-0.008492447
-0.008537101
-0.008629978
-0.00877661
-0.008970136
-0.009186003
-0.009450102
-0.00972752
-0.01001757
-0.01033395
-0.01069987
-0.0110832
-0.01147071
-0.01188744
-0.01228225
-0.01267627
-0.01304269
-0.0133206
-0.01359505
-0.01383264
-0.01398395
-0.01401374
-0.01397577
-0.01384806
-0.01363991
-0.01336536
-0.013059
-0.01266975
-0.0122353
-0.01169328
-0.01103653
-0.01032101
-0.009463113
-0.008556467
-0.007592535
-0.00657978
-0.005532644
-0.004479343
-0.003391113
-0.002320593
-0.001192852
-3.664651E-05
0.001117211
0.002240153
0.003274809
0.004205095
0.00501652
0.005757208
0.006383478
0.006968569
0.007511433
0.008017319
0.008479638
0.008942386
0.009357432
0.009721447
0.01001497
0.01021556
0.01032786
0.01036688
0.01030674
0.010195
0.01003101
0.009835251
0.009628925
0.00946092
0.009391487
0.009417431
0.009546343
0.009733194
0.01003149
0.01034631
0.01065435
0.01098855
0.01126411
0.01147704
0.01159953
0.01160497
0.01153509
0.01137299
0.01115619
0.01087864
0.01053959
0.01016285
0.00974256
0.009289252
0.008807009
0.008259662
0.007727551
0.007165174
0.006617485
0.006066284
0.00562516
0.005233854
0.004888339
0.004583584
0.004296056
0.003985831
0.003642872
0.003282578
0.002868706
0.002409237
0.001936781
0.001417831
0.0009056182
0.0003599085
-0.0001788361
-0.000723379
-0.001253433
-0.00182497
-0.002363639
-0.002902902
-0.00347887
-0.004035032
-0.004532333
-0.005094871
-0.005592911
-0.006119192
-0.006672446
-0.007262759
-0.007873158
-0.008492127
-0.009070732
-0.00964364
-0.01015744
-0.01061614
-0.01101618
-0.01131533
-0.01149833
-0.01157364
-0.01152936
-0.01135877
-0.01111507
-0.01081417
-0.01043658
-0.009998878
-0.009555964
-0.009096611
-0.008581258
-0.008062358
-0.007510758
-0.006929833
-0.006281971
-0.005628306
-0.004962031
-0.004269392
-0.003553067
-0.002794822
-0.00195794
-0.001103153
-0.0002292091
0.0006341657
0.001453183
0.002249046
0.00294556
0.003552121
0.004052757
0.004444822
0.004712735
0.00484555
0.004856925
0.004753722
0.004587317
0.004377412
0.004161994
0.003959551
0.003769808
0.003596302
0.003438919
0.003246086
0.003030352
0.002748234
0.002393083
0.001991072
0.001514783
0.001017485
0.000452829
-0.0001652327
-0.0008247748
-0.001563621
-0.00235873
-0.003195564
-0.004053881
-0.004853579
-0.005614279
-0.00631649
-0.006975717
-0.007578859
-0.008159383
-0.008728313
-0.009301708
-0.009823648
-0.01026284
-0.01063338
-0.01094164
-0.01117141
-0.0113767
-0.01151068
-0.01158889
-0.01164474
-0.01164799
-0.01158612
-0.01146332
-0.01130103
-0.01111587
-0.01091574
-0.01072443
-0.01049545
-0.01026243
-0.009963121
-0.009614879
-0.009229951
-0.008748021
-0.008267047
-0.007782729
-0.007372678
-0.006981682
-0.006651187
-0.006297099
-0.005925449
-0.005482346
-0.004941971
-0.004341354
-0.003655822
-0.002938852
-0.002197696
-0.001478526
-0.0008472885
-0.0002374126
0.0003084936
0.0007932955
0.001211333
0.001610484
0.001930512
0.002167688
0.002315732
0.002363551
0.002311212
0.002225602
0.002117259
0.001961718
0.00179629
0.001642317
0.001548662
0.001497112
0.001568341
0.00174431
0.002029099
0.002377384
0.002760669
0.003161365
0.003604619
0.004097091
0.004635278
0.005246383
0.005920752
0.006654008
0.007467967
0.008343504
0.009281986
0.01025336
0.01127718
0.01231948
0.01334191
0.01432618
0.01525117
0.0160981
0.0168091
0.01739923
0.01786192
0.01822953
0.01846361
0.01859548
0.0186001
0.01851263
0.01834756
0.01809661
0.01778653
0.0174311
0.01704654
0.01666499
0.01627064
0.01584555
0.01534514
0.01476586
0.0141073
0.01336468
0.01254182
0.01169897
0.01083005
0.009998415
0.009151816
0.008294469
0.007376322
0.00644413
0.005445004
0.004430495
0.003378645
0.00233961
0.001356483
0.000426236
-0.00044784
-0.0012411
-0.001962519
-0.002576129
-0.003096701
-0.003580042
-0.003928904
-0.004296666
-0.004597757
-0.004932078
-0.005321764
-0.005711685
-0.006070569
-0.006336197
-0.00662538
-0.006789324
-0.006855904
-0.006881217
-0.006886322
-0.006906403
-0.006926253
-0.007000408
-0.007145187
-0.007371855
-0.007634053
-0.007953299
-0.008245671
-0.008527622
-0.008787998
-0.008986961
-0.009080986
-0.009101193
-0.009030534
-0.00889419
-0.00872207
-0.008520603
-0.008318687
-0.008045831
-0.007745543
-0.007430575
-0.007064912
-0.006643787
-0.006214309
-0.005808239
-0.005409291
-0.004990986
-0.004634012
-0.004280332
-0.00391668
-0.003548486
-0.003193321
-0.002819286
-0.002513572
-0.002242871
-0.002017324
-0.001855941
-0.001715822
-0.00162525
-0.001556421
-0.001551647
-0.001565125
-0.001614694
-0.001673595
-0.001784161
-0.001899184
-0.00209014
-0.002294262
-0.002530955
-0.002784336
-0.003073189
-0.003354557
-0.003672492
-0.003968806
-0.004214368
-0.004390795
-0.004499117
-0.00448923
-0.004367883
-0.004164194
-0.003894417
-0.00358981
-0.003291679
-0.002971593
-0.002667528
-0.002375451
-0.002077202
-0.001847418
-0.001624675
-0.00146462
-0.001305429
-0.001188074
-0.001085114
-0.001012598
-0.0009932257
-0.001000494
-0.001012404
-0.001050797
-0.001148068
-0.001301773
-0.001513901
-0.001795274
-0.002182441
-0.002629917
-0.003114475
-0.003678447
-0.00430388
-0.004989832
-0.005686571
-0.006449821
-0.0071166
-0.007787914
-0.008370873
-0.008883105
-0.009320486
-0.009718826
-0.01002041
-0.01023656
-0.01038495
-0.01039911
-0.01034689
-0.01021415
-0.01002927
-0.009746965
-0.009464378
-0.009084056
-0.008687021
-0.008320449
-0.007977436
-0.007666354
-0.007381286
-0.007114484
-0.006916732
-0.006693822
-0.00652906
-0.006355723
-0.006236157
-0.006103267
-0.005922302
-0.005684884
-0.005423181
-0.005117652
-0.004787798
-0.004426407
-0.004074052
-0.003669951
-0.003233233
-0.00276772
-0.002250461
-0.00168951
-0.001104633
-0.0004649945
0.0001861326
0.0008951484
0.001659909
0.002474663
0.003322949
0.00418823
0.005054829
0.00591331
0.00674944
0.007527397
0.008186969
0.008754448
0.009203332
0.00955347
0.009828014
0.01004213
0.01024743
0.01044007
0.01065987
0.01088485
0.0111545
0.01144459
0.01178232
0.01215859
0.01253952
0.0128975
0.01328513
0.01365661
0.01399971
0.0143065
0.01455602
0.01474288
0.01489562
0.01501213
0.01509319
0.01515378
0.01520316
0.01522351
0.01519558
0.01511456
0.01500983
0.01488153
0.01473751
0.01455914
0.01439427
0.01419601
0.01398799
0.01373448
0.01342677
0.0130914
0.01271952
0.01231213
0.01188981
0.01145191
0.01098913
0.01047617
0.009946628
0.009388546
0.008819083
0.0082329
0.007652412
0.007091023
0.006533598
0.005983307
0.005450836
0.004912545
0.004399053
0.003886075
0.003369484
0.002839101
0.002306456
0.001748839
0.001185505
0.0006108357
4.270544E-05
-0.0004998154
-0.001042733
-0.001541694
-0.002006218
-0.002441606
-0.002824232
-0.003214451
-0.00362291
-0.004047923
-0.004504886
-0.005025111
-0.005603021
-0.00622743
-0.006922569
-0.007669475
-0.008468768
-0.009273726
-0.0100798
-0.01087203
-0.01160385
-0.01225337
-0.01281206
-0.01326124
-0.01355002
-0.01368044
-0.01363713
-0.01341944
-0.01303466
-0.01253486
-0.01192101
-0.011289
-0.01062123
-0.009956709
-0.00935615
-0.008822436
-0.008356593
-0.008015149
-0.007750835
-0.007546489
-0.007408683
-0.007314662
-0.007225179
-0.007107829
-0.006953772
-0.006720189
-0.006442379
-0.006078727
-0.005640819
-0.005161122
-0.004654391
-0.004132563
-0.003635657
-0.003210007
-0.002846926
-0.002596252
-0.002452862
-0.002405616
-0.00244042
-0.002531607
-0.002617299
-0.002690347
-0.002705274
-0.002632505
-0.002447299
-0.002149176
-0.001716721
-0.001202448
-0.0005866049
5.952511E-05
0.0006494654
0.001195343
0.001673622
0.00201085
0.002246633
0.002377346
0.002377227
0.002320324
0.002215488
0.002080971
0.001950092
0.001844777
0.001765372
0.001706961
0.001701964
0.00173224
0.001785947
0.001825
0.001851791
0.001843044
0.001761626
0.00161754
0.0013633
0.001037377
0.0006414658
0.0001271078
-0.000430235
-0.001030052
-0.001677776
-0.002277327
-0.002884365
-0.003463891
-0.0039211
-0.004374312
-0.004678643
-0.004927045
-0.005111307
-0.005264131
-0.005373325
-0.005445302
-0.005515425
-0.005567977
-0.005664497
-0.005761976
-0.005911242
-0.006076888
-0.006296102
-0.006546568
-0.006849356
-0.007200991
-0.007563021
-0.007943303
-0.008304353
-0.008673163
-0.0090253
-0.009309578
-0.009574165
-0.009767175
-0.009907421
-0.009974555
-0.009974157
-0.009906178
-0.009802548
-0.009638029
-0.009385075
-0.009043159
-0.008627247
-0.008153383
-0.007615016
-0.006997746
-0.006356393
-0.005681526
-0.005007305
-0.004325468
-0.003658979
-0.002984589
-0.002337037
-0.001724205
-0.001147945
-0.0005917812
-7.368893E-05
0.0004189075
0.000907862
0.001423632
0.00193304
0.002495738
0.003072647
0.003696028
0.004358819
0.005044521
0.005785926
0.006555032
0.007361977
0.008176654
0.009006989
0.009871268
0.01071486
0.01153949
0.01230543
0.01301379
0.01363681
0.01420591
0.01470195
0.015176
0.01561706
0.01605598
0.01650724
0.01699197
0.01751328
0.01806238
0.01863352
0.01920687
0.0197701
0.02027612
0.02072367
0.021076
0.02131073
0.02142374
0.02141552
0.02127847
0.02100099
0.02060863
0.02014543
0.01961242
0.01903199
0.01843453
0.01786053
0.01727347
0.01670895
0.0161463
0.01559178
0.01503422
0.01445913
0.01384793
0.01319808
0.01251487
0.01178352
0.01106494
0.01033163
0.009642807
0.008980556
0.008357603
0.007818963
0.007355538
0.006980981
0.006669519
0.006461387
0.00625746
0.006148857
0.006016859
0.00593059
0.005784498
0.005643101
0.005425197
0.005095064
0.004662762
0.004148248
0.00347488
0.002670506
0.001772959
0.0007725228
-0.000327592
-0.001510382
-0.002779576
-0.004124072
-0.005530696
-0.006979712
-0.008451331
-0.009948847
-0.0114619
-0.01299081
-0.01452969
-0.01604794
-0.01756538
-0.01904669
-0.02048839
-0.02190833
-0.02322661
-0.02453121
-0.02574959
-0.02685205
-0.02786046
-0.02873702
-0.02946803
-0.03001996
-0.03040788
-0.03055506
-0.03055454
-0.03035295
-0.03002737
-0.02955134
-0.02897608
-0.02830963
-0.0275848
-0.02682514
-0.02601272
-0.02521961
-0.02436439
-0.02358937
-0.02280601
-0.02205025
-0.02131145
-0.02057349
-0.01984108
-0.01911862
-0.01838591
-0.01765847
-0.01694131
-0.01625155
-0.01560048
-0.0149619
-0.01435092
-0.0138099
-0.01332575
-0.01289451
-0.01252269
-0.01225255
-0.01199647
-0.0118003
-0.01157522
-0.01136812
-0.01118689
-0.01093723
-0.01067169
-0.01037012
-0.01003128
-0.009634698
-0.009201733
-0.008715657
-0.008178757
-0.007604819
-0.006954969
-0.006282524
-0.005528315
-0.004719359
-0.003871746
-0.002948995
-0.001991492
-0.0009826374
8.300368E-05
0.001199322
0.002361883
0.003559107
0.004786367
0.006035646
0.007268373
0.008487726
0.009700599
0.01085475
0.0119386
0.01293297
0.01378158
0.01454055
0.01518151
0.01568302
0.01606233
0.01633234
0.01649025
0.01654891
0.01648527
0.01635127
0.01611456
0.01578196
0.0153928
0.01491352
0.01436811
0.01376983
0.01311414
0.01239892
0.01165051
0.01088083
0.01010282
0.009309974
0.008512925
0.007730263
0.006973078
0.006227599
0.005511246
0.004813714
0.004159474
0.003531246
0.002934101
0.002389089
0.001865624
0.001403124
0.001001253
0.000630512
0.0003137546
5.108814E-05
-0.0001739077
-0.0003484036
-0.0004683592
-0.0005642711
-0.0006025162
-0.0006528486
-0.0006615804
-0.0006982106
-0.0007299687
-0.0008008035
-0.0008950437
-0.001031164
-0.001202384
-0.001423804
-0.001709584
-0.002029694
-0.002417228
-0.002915072
-0.00344372
-0.004058685
-0.004761809
-0.005492019
-0.006275154
-0.007066481
-0.007911254
-0.008762262
-0.00960032
-0.01042836
-0.01120739
-0.01194075
-0.01257812
-0.01319334
-0.01373069
-0.01418606
-0.01456946
-0.01489118
-0.01514229
-0.01533674
-0.01545753
-0.01549769
-0.01549537
-0.0154319
-0.01529298
-0.01508612
-0.01482172
-0.01448783
-0.01410458
-0.01366738
-0.01316381
-0.01263972
-0.01204702
-0.01144599
-0.0108349
-0.01021192
-0.009591788
-0.008999808
-0.008442421
-0.007929544
-0.007438896
-0.007020849
-0.006658468
-0.006348886
-0.006146844
-0.006027221
-0.005984201
-0.006002265
-0.006058201
-0.006155108
-0.006248809
-0.006363511
-0.006487296
-0.006543388
-0.006567328
-0.006514448
-0.006363798
-0.006145051
-0.00582241
-0.005401269
-0.004916641
-0.004378649
-0.003770421
-0.003130734
-0.002458615
-0.001767105
-0.001053862
-0.0003459526
0.0003695753
0.001061935
0.001727004
0.002350332
0.002924441
0.003461038
0.003944677
0.0043875
0.004760881
0.005083861
0.005340941
0.005508113
0.005610003
0.005601573
0.005514686
0.005346991
0.005092648
0.004780483
0.004381752
0.003962167
0.003489677
0.003027185
0.00256686
0.002109364
0.001693906
0.001307116
0.0009441351
0.000677054
0.0004691028
0.0003091791
0.0002171842
0.0001800979
0.0001824684
0.0002384548
0.0003363014
0.0004445556
0.0005999646
0.0007390339
0.0008972083
0.001024571
0.001134864
0.001220566
0.001284794
0.001330308
0.001354802
0.001369537
0.00137606
0.001368395
0.001347273
0.001334441
0.001290543
0.00128302
0.001303882
0.001316813
0.001344937
0.001372632
0.001377994
0.001371065
0.001355494
0.001303941
0.001220563
0.00107716
0.0009133304
0.000710778
0.0004709811
0.0002006732
-7.074367E-05
-0.0003663797
-0.0006415992
-0.0009125305
-0.001151716
-0.001335686
-0.001454922
-0.001506447
-0.001496746
-0.001420018
-0.00128658
-0.001085394
-0.0008508961
-0.0005930281
-0.0003189481
-6.357535E-05
0.0001842215
0.0003998444
0.0005868261
0.0007465621
0.0008644917
0.0009272716
0.0009886175
0.001020519
0.001019149
0.001022349
0.000983758
0.0009844578
0.0009356193
0.0009053671
0.0008999122
0.0008851752
0.0008672452
0.0008566367
0.0008710374
0.000855076
0.0008404597
0.0008132343
0.0008142312
0.0008164708
0.0008296813
0.0008598178
0.000892908
0.0009407317
0.0009906986
0.001051883
0.001129081
0.001188193
0.001264455
0.001334059
0.001401397
0.00146106
0.001505991
0.001554097
0.001615731
0.001676074
0.001684497
0.001712378
0.00171293
0.001688892
0.001651746
0.001574025
0.001493437
0.00139641
0.001304205
0.001215521
0.00112954
0.001065298
0.001001982
0.0009520345
0.0009453798
0.0009542184
0.0009787851
0.001033972
0.001107795
0.001177038
0.001268488
0.001322988
0.001378009
0.001422414
0.001468491
0.001469675
0.001482752
0.001415419
0.001344294
0.0012541
0.001133164
0.0009881125
0.0008013584
0.0006205052
0.0004033242
0.0001972065
-1.09852E-05
-0.0002196135
-0.0004337514
-0.0006332679
-0.0008083794
-0.0009855197
-0.001144038
-0.001239898
-0.001345869
-0.001457936
-0.00153782
-0.001609923
-0.001671941
-0.001748765
-0.00180604
-0.0018551
-0.001911402
-0.001958946
-0.001992931
-0.002035819
-0.002082768
-0.002119093
-0.002185917
-0.002228179
-0.002265804
-0.002324972
-0.002407955
-0.002503386
-0.002585738
-0.002694215
-0.002831915
-0.002978618
-0.003126248
-0.003307642
-0.003469142
-0.003636556
-0.003808579
-0.004000269
-0.004164587
-0.004298321
-0.00443583
-0.004564437
-0.004672677
-0.004753497
-0.004814796
-0.004844694
-0.00487037
-0.004854179
-0.004820302
-0.004785514
-0.004720114
-0.004650019
-0.004564757
-0.004465559
-0.004345197
-0.004226811
-0.004111808
-0.0039878
-0.003866155
-0.00374068
-0.003612446
-0.003491098
-0.003374955
-0.00325231
-0.003124665
-0.003005844
-0.002873237
-0.002754504
-0.002639008
-0.002510106
-0.002384722
-0.002259061
-0.002158644
-0.002041671
-0.001924149
-0.001829074
-0.001723113
-0.00162088
-0.001519349
-0.001492803
-0.001408926
-0.001365808
-0.001329643
-0.00131478
-0.001276793
-0.001279895
-0.001244404
-0.001254137
-0.001229889
-0.001210317
-0.001191786
-0.001172922
-0.001137536
-0.001102406
-0.001066074
-0.001024048
-0.0009691303
-0.000913117
-0.0008623946
-0.0008038281
-0.0007404177
-0.0006871586
-0.0006337945
-0.0005792314
-0.0005375465
-0.0004820198
-0.000441099
-0.0003955039
-0.0003731775
-0.0003242345
-0.0002871948
-0.0002603489
-0.0002332475
-0.0001954588
-0.0001667618
-0.0001342784
-0.000109907
-6.915224E-05
-4.683542E-05
-2.067543E-05
5.892916E-06
1.478353E-05
2.757868E-05
3.925028E-05
3.886795E-05
5.787366E-05
4.175505E-05
3.415389E-05
3.865343E-05
2.660535E-05
2.586134E-05
6.281989E-06
-1.218652E-05
-4.344693E-05
-6.59183E-05
-9.924748E-05
-0.000113691
-0.0001349172
-0.0001729347
-0.0002226759
-0.0002545941
-0.0003121684
-0.0003716294
-0.0004190533
-0.0004858127
-0.0005534383
-0.0006305709
-0.0006970944
-0.0007515027
-0.0008408996
-0.0009005326
-0.0009576395
-0.0009928062
-0.001015515
-0.001046921
-0.00107162
-0.001087344
-0.001084945
-0.001072435
-0.001044355
-0.001034923
-0.001002688
-0.0009864505
-0.0009869769
-0.0009844505
-0.0009995508
-0.001017924
-0.001034211
-0.001057043
-0.001079736
-0.001107915
-0.001119865
-0.00114657
-0.001176239
-0.001211401
-0.001226162
-0.001225968
-0.001245449
-0.001252153
-0.00125084
-0.001256789
-0.001274883
-0.001297326
-0.001294894
-0.001308533
-0.001332505
-0.001347839
-0.001354629
-0.00136703
-0.001376039
-0.001381259
-0.001363302
-0.001361049
-0.00132831
-0.001309857
-0.001282879
-0.001259029
-0.001217693
-0.001180883
-0.001171994
-0.001168084
-0.001151729
-0.001154031
-0.001173358
-0.001182952
-0.001212212
-0.00124845
-0.001273537
-0.001261936
-0.001308411
-0.001330857
-0.001353917
-0.00139089
-0.001394751
-0.001400655
-0.001418871
-0.001415171
-0.001407018
-0.00139108
-0.001395175
-0.001403474
-0.001408015
-0.001413753
-0.001431683
-0.001445078
-0.00147948
-0.001512123
-0.001549541
-0.001585137
-0.001604647
-0.001652197
-0.001675011
-0.00169223
-0.001714328
-0.001726355
-0.001752484
-0.001781764
-0.001799802
-0.001812258
-0.001832565
-0.001852741
-0.001859744
-0.001865766
-0.00187064
-0.001872852
-0.001866784
-0.0018633
-0.001839687
-0.001818655
-0.001791665
-0.001760128
-0.001732284
-0.001706638
-0.001684012
-0.001648275
-0.001624283
-0.00161273
-0.001594597
-0.001600082
-0.001590833
-0.001579744
-0.001565968
-0.00157477
-0.001574167
-0.001561398
-0.001563117
-0.00154376
-0.001533627
-0.001514259
-0.001514356
-0.0015112
-0.0014918
-0.001475674
-0.001460561
-0.001441367
-0.001459349
-0.001396923
-0.001356886
-0.001349812
-0.001298234
-0.00124832
-0.001233897
-0.0012107
-0.001155448
-0.001138438
-0.001121651
-0.001099217
-0.001067118
-0.001046154
-0.00102431
-0.0009959789
-0.0009789224
-0.0009445778
-0.0009157141
-0.0009133057
-0.0008803169
-0.0008547536
-0.0008440774
-0.0008239955
-0.0008041237
-0.0007926446
-0.0007598952
-0.0007414075
-0.0007292583
-0.0007064741
-0.0007011803
-0.0006913724
-0.0006743752
-0.0006523118
-0.0006563802
-0.00064676
-0.0006465953
-0.0006380691
-0.0006415923
-0.0006510091
-0.0006669936
-0.0006793961
-0.0006971383
-0.0007199391
-0.0007366004
-0.0007605862
-0.0007874205
-0.0008122358
-0.0008403909
-0.0008569357
-0.0008747661
-0.0008993279
-0.0009228509
-0.000953206
-0.0009680582
-0.001002001
-0.001019318
-0.001067599
-0.00107532
-0.00110854
-0.001114648
-0.001126904
-0.001148104
-0.00116901
-0.00117451
-0.001179506
-0.001196654
-0.001219987
-0.001237724
-0.001238634
-0.00125961
-0.001277192
-0.00127657
-0.001303645
-0.001314967
-0.001314782
-0.001343207
-0.001353516
-0.001375845
-0.001381483
-0.00141002
-0.001424887
-0.001444275
-0.001467247
-0.001493345
-0.001508402
-0.001523604
-0.001544064
-0.001554884
-0.001551921
-0.001596094
-0.001594854
-0.001576635
-0.001590834
-0.001600426
-0.001609313
-0.001624163
-0.001615145
-0.001620306
-0.001620842
-0.001612639
-0.001597359
-0.001598018
-0.00160099
-0.001598742
-0.001616868
-0.001608288
-0.001597054
-0.001592603
-0.001578215
-0.001580965
-0.001551276
-0.0015438
-0.001525032
-0.001518005
-0.001507723
-0.001493086
-0.00147824
-0.001475636
-0.001445113
-0.0014327
-0.001424721
-0.001407097
-0.001391695
-0.001363065
-0.001341896
-0.001334733
-0.001300327
-0.001285078
-0.001274005
-0.001263844
-0.001254353
-0.00123747
-0.001227415
-0.001219679
-0.00121276
-0.001215598
-0.001213821
-0.00119713
-0.001198768
-0.001195662
-0.001194683
-0.001208475
-0.001196887
-0.001201911
-0.001195096
-0.001199265
-0.001191804
-0.001179135
-0.00116623
-0.001156056
-0.001143587
-0.00114623
-0.001125533
-0.001115554
-0.001103275
-0.00109736
-0.001097804
-0.00109807
-0.001107613
-0.001105109
-0.001107704
-0.001096155
-0.001096366
-0.001113823
-0.001124589
-0.001124645
-0.001130462
-0.001113182
-0.001124747
-0.001122456
-0.001120896
-0.001142364
-0.001130751
-0.001134515
-0.001131445
-0.001139419
-0.001123043
-0.001141263
-0.001122814
-0.001133907
-0.00113552
-0.001141475
-0.00114858
-0.001149844
-0.001161269
-0.001163558
-0.001174559
-0.001174829
-0.001174534
-0.001190204
-0.001194902
-0.001200526
-0.001198614
-0.001212543
-0.001227751
-0.001221652
-0.001240772
-0.001216263
