-5.156891E-07
3.074992E-07
2.880982E-06
-2.228672E-06
4.080025E-06
1.974341E-07
6.254522E-06
8.020063E-06
8.928084E-06
1.338024E-05
1.796255E-05
2.700792E-05
3.012973E-05
3.920195E-05
4.142447E-05
5.088079E-05
5.442131E-05
5.771562E-05
6.137785E-05
6.418951E-05
6.683421E-05
6.834998E-05
6.865193E-05
6.790008E-05
6.900875E-05
6.692857E-05
6.047004E-05
5.980601E-05
5.95306E-05
5.279929E-05
5.096213E-05
4.971936E-05
4.885845E-05
4.276751E-05
4.266587E-05
4.157332E-05
4.039299E-05
3.951669E-05
3.985384E-05
4.466437E-05
4.583273E-05
4.725254E-05
5.294398E-05
5.801102E-05
6.002272E-05
6.747805E-05
7.628263E-05
8.004109E-05
8.296881E-05
9.301548E-05
9.376208E-05
9.370669E-05
9.597747E-05
9.512473E-05
9.315548E-05
8.880474E-05
8.792762E-05
8.29094E-05
8.186906E-05
7.610143E-05
7.751258E-05
7.49845E-05
7.186388E-05
6.804746E-05
6.809683E-05
6.467552E-05
5.946638E-05
6.279148E-05
6.073021E-05
6.586796E-05
7.701487E-05
8.711532E-05
0.0001061737
0.0001274476
0.0001496283
0.0001729647
0.0001987586
0.0002187561
0.0002361706
0.0002467727
0.0002568107
0.0002582525
0.0002526731
0.0002472182
0.0002381697
0.0002256924
0.0002182912
0.0002126632
0.000208835
0.0002083825
0.0002102939
0.0002106571
0.0002149212
0.0002182846
0.0002176623
0.0002184372
0.0002171861
0.0002085108
0.0001981986
0.0001853755
0.000168582
0.0001487414
0.0001314361
0.0001151903
9.695109E-05
8.173582E-05
6.965298E-05
5.443902E-05
4.414967E-05
3.52561E-05
2.654997E-05
1.803941E-05
8.662146E-06
-1.129667E-07
-7.426724E-06
-1.587847E-05
-2.671152E-05
-3.486251E-05
-4.423485E-05
-5.036718E-05
-5.212459E-05
-5.016964E-05
-4.816882E-05
-3.76803E-05
-2.591025E-05
-8.718259E-06
1.306848E-05
3.754348E-05
6.369541E-05
8.943922E-05
0.0001181544
0.0001427022
0.0001648536
0.0001820724
0.0001942487
0.0001996746
0.0001986121
0.0001917734
0.0001791911
0.0001622764
0.0001446309
0.0001246052
0.0001068229
9.188907E-05
7.860995E-05
7.035219E-05
7.0916E-05
7.630586E-05
8.87996E-05
0.0001034331
0.0001236558
0.0001488723
0.0001717958
0.0001956705
0.0002193818
0.0002366523
0.0002516314
0.0002634639
0.0002695326
0.0002716211
0.0002681223
0.0002604483
0.0002499147
0.0002351366
0.000218206
0.0002012129
0.0001811492
0.0001611777
0.0001382335
0.0001145785
8.877711E-05
5.522556E-05
1.686126E-05
-3.056552E-05
-8.646676E-05
-0.0001475624
-0.0002133613
-0.0002799086
-0.0003506071
-0.0004175768
-0.0004809636
-0.0005370071
-0.0005875686
-0.0006248687
-0.0006551037
-0.0006743571
-0.0006828437
-0.0006851885
-0.0006788054
-0.0006638843
-0.0006451854
-0.0006241371
-0.0005996477
-0.0005701155
-0.000540699
-0.0005074891
-0.0004730382
-0.0004363479
-0.0003995036
-0.0003600353
-0.0003194249
-0.0002763168
-0.000233472
-0.0001883278
-0.000144759
-0.0001043179
-6.461211E-05
-3.119614E-05
-6.476316E-06
1.306611E-05
2.807699E-05
3.737818E-05
4.014164E-05
3.849249E-05
2.674046E-05
1.787386E-05
5.302886E-06
-8.695494E-06
-2.416213E-05
-3.739922E-05
-5.197337E-05
-6.605583E-05
-8.371021E-05
-9.821977E-05
-0.000115439
-0.0001344449
-0.0001573191
-0.0001847738
-0.0002126762
-0.0002469784
-0.0002851137
-0.0003273892
-0.0003701617
-0.0004127585
-0.0004514705
-0.0004873108
-0.0005131156
-0.0005311103
-0.000536465
-0.0005338528
-0.000518294
-0.0004880634
-0.0004437245
-0.0003811183
-0.0002998082
-0.0001949004
-6.454184E-05
9.274523E-05
0.0002725414
0.0004720097
0.0006837021
0.0008995337
0.00111318
0.001310908
0.001489313
0.001638545
0.001751223
0.001827121
0.001864649
0.001869677
0.001847361
0.001801786
0.001745809
0.00167981
0.001620702
0.00156478
0.001517161
0.001479568
0.001447152
0.001420767
0.001394523
0.001365517
0.001329605
0.001281919
0.001221404
0.001149097
0.001061327
0.0009654236
0.0008602066
0.0007484049
0.0006354153
0.0005219898
0.0004122663
0.0003130563
0.0002262935
0.0001518601
9.049184E-05
4.061681E-05
-4.001854E-07
-3.261371E-05
-5.813636E-05
-8.036997E-05
-0.0001069682
-0.0001397858
-0.0001808521
-0.000232962
-0.0002943065
-0.0003631705
-0.0004355644
-0.0005056985
-0.0005719946
-0.0006279442
-0.0006667876
-0.0006875019
-0.0006825551
-0.0006525184
-0.0005965463
-0.0005133509
-0.0004101535
-0.0002940668
-0.000174828
-6.385353E-05
3.228757E-05
0.0001045346
0.0001498565
0.0001632264
0.0001480952
0.0001085608
5.1021E-05
-1.735227E-05
-8.597857E-05
-0.0001455784
-0.0001874948
-0.0002150952
-0.0002230594
-0.0002101015
-0.0001793097
-0.0001387984
-9.950701E-05
-6.659111E-05
-4.783839E-05
-5.186911E-05
-8.440748E-05
-0.0001443677
-0.0002333034
-0.0003512853
-0.0004973915
-0.0006583401
-0.0008292284
-0.001012331
-0.001193386
-0.001365218
-0.001523955
-0.001665633
-0.001787352
-0.001890955
-0.00197849
-0.00204877
-0.002103168
-0.00214645
-0.002181306
-0.002205939
-0.002235909
-0.002253072
-0.002272005
-0.002279465
-0.00228367
-0.00226916
-0.002244777
-0.002204731
-0.002147763
-0.002074799
-0.001987543
-0.001880718
-0.001760942
-0.001626395
-0.001484538
-0.001333413
-0.001178964
-0.00101932
-0.0008617514
-0.0007025234
-0.0005472538
-0.0003994433
-0.0002587638
-0.0001269339
-9.3913E-06
9.596944E-05
0.0001868588
0.000264131
0.0003300285
0.0003861527
0.0004340168
0.0004782941
0.0005185688
0.0005546364
0.0005915587
0.0006307062
0.0006747816
0.0007215226
0.0007658932
0.0008184428
0.0008652508
0.0009113414
0.0009529229
0.0009882025
0.001014122
0.001032384
0.001040266
0.00104086
0.001029805
0.001013375
0.0009898273
0.0009597285
0.0009281401
0.0008943936
0.0008619428
0.0008308767
0.0008084724
0.0007955066
0.0007916304
0.0007992956
0.0008205271
0.0008581005
0.0009105379
0.0009786735
0.001060541
0.001158639
0.001274077
0.001396263
0.001529014
0.001666392
0.001805756
0.001942281
0.00207346
0.00219995
0.002311583
0.002407362
0.002486809
0.002548024
0.002583277
0.002596304
0.002584782
0.00254692
0.002484515
0.002397325
0.002289145
0.002159768
0.002015338
0.001856651
0.001685586
0.001504981
0.001321956
0.001138105
0.0009598239
0.0007919128
0.0006376465
0.0005054543
0.0003966052
0.0003135928
0.0002515478
0.0002209309
0.0002178625
0.0002327682
0.0002660717
0.0003140148
0.0003699495
0.0004352632
0.0005027838
0.0005697181
0.0006333211
0.0006909404
0.0007401964
0.0007805903
0.0008031356
0.0008123636
0.0007975518
0.0007670589
0.000710247
0.0006316646
0.0005252436
0.0003950317
0.0002442937
7.579747E-05
-0.0001105193
-0.0003078914
-0.0005137145
-0.0007227683
-0.0009349321
-0.001147331
-0.001358376
-0.001564785
-0.001769776
-0.001967839
-0.002159969
-0.002343198
-0.002519487
-0.002683079
-0.002836665
-0.00298033
-0.003109775
-0.003226774
-0.003330905
-0.003422308
-0.00350174
-0.003569111
-0.003622666
-0.00366231
-0.003689618
-0.00370025
-0.003699001
-0.00367905
-0.003644591
-0.003595294
-0.003531786
-0.003452599
-0.003360802
-0.003260523
-0.003149348
-0.003030977
-0.002902766
-0.002775552
-0.00264427
-0.002508817
-0.002375671
-0.002240707
-0.002106137
-0.001971061
-0.001838199
-0.001699241
-0.001558272
-0.001414737
-0.001263494
-0.00110855
-0.0009470147
-0.0007782497
-0.0006059179
-0.0004310313
-0.0002573227
-8.583304E-05
7.848047E-05
0.000234968
0.0003835175
0.0005218197
0.0006461699
0.000758401
0.000858417
0.000943466
0.001017714
0.001079912
0.001132174
0.001177261
0.001217996
0.001254629
0.001287068
0.001317789
0.00134622
0.001371433
0.001394914
0.001417214
0.001436439
0.001453541
0.001470978
0.001485572
0.001496873
0.001507275
0.001519176
0.001529587
0.001541754
0.001558367
0.001579033
0.001607463
0.001645876
0.001690378
0.001742011
0.00180045
0.001865272
0.001933118
0.00200174
0.002071734
0.002141883
0.002208344
0.002274831
0.002339946
0.002399332
0.002455091
0.002505137
0.002554153
0.002594288
0.002628202
0.002659173
0.002684723
0.002705692
0.00272155
0.002730487
0.00273017
0.002721074
0.002699383
0.002664793
0.002619348
0.002560326
0.002488095
0.002399569
0.002296785
0.002178781
0.002042829
0.001888994
0.001717565
0.001527957
0.001322788
0.001106212
0.0008736764
0.0006274117
0.0003736832
0.0001095174
-0.0001559715
-0.0004260351
-0.0006946833
-0.0009574095
-0.001212667
-0.00145492
-0.001681078
-0.001883871
-0.002064819
-0.002215905
-0.002337852
-0.002422123
-0.002472962
-0.002485624
-0.002466237
-0.002414491
-0.002331547
-0.002223165
-0.002091907
-0.001939678
-0.001770594
-0.001588905
-0.001396128
-0.001200894
-0.00100142
-0.0008073578
-0.0006174772
-0.0004382824
-0.0002736797
-0.0001225629
1.125059E-05
0.0001305838
0.0002330761
0.000324045
0.0004005896
0.0004674963
0.0005277048
0.0005787614
0.0006196945
0.0006519638
0.0006744336
0.0006843799
0.0006786507
0.0006590429
0.0006250783
0.000574914
0.0005107622
0.0004327824
0.0003449369
0.0002480113
0.0001460455
4.342603E-05
-6.135045E-05
-0.0001646396
-0.0002657851
-0.0003690424
-0.0004712185
-0.0005753712
-0.0006801608
-0.0007874423
-0.0008943137
-0.001004262
-0.001113672
-0.001225425
-0.001335966
-0.001444845
-0.001550369
-0.001650978
-0.00174566
-0.001833124
-0.001911039
-0.001977021
-0.002032529
-0.002073575
-0.002100703
-0.002113551
-0.002107182
-0.002087461
-0.002051918
-0.00200069
-0.001932945
-0.001849776
-0.001750068
-0.001638058
-0.001514641
-0.001383359
-0.001244908
-0.001101924
-0.0009581063
-0.0008169058
-0.0006800461
-0.0005488953
-0.0004268265
-0.0003140589
-0.0002152492
-0.0001321308
-6.653163E-05
-2.004097E-05
7.26362E-06
1.238058E-05
3.130304E-07
-3.59605E-05
-8.71817E-05
-0.0001536455
-0.0002341182
-0.0003254018
-0.0004233072
-0.0005201952
-0.0006244876
-0.0007251226
-0.000820942
-0.0009093402
-0.0009919222
-0.001061949
-0.001124155
-0.001172177
-0.001211215
-0.001238655
-0.001254495
-0.001260044
-0.001250341
-0.00123489
-0.001207521
-0.001168605
-0.001123353
-0.001066662
-0.001004498
-0.0009343378
-0.0008608425
-0.0007819033
-0.0007003485
-0.0006157826
-0.0005284519
-0.000438506
-0.0003466666
-0.0002512203
-0.0001517046
-5.195631E-05
5.000917E-05
0.0001551762
0.0002613512
0.0003676376
0.0004770345
0.0005871904
0.0006952306
0.0008030492
0.0009102504
0.001016633
0.001119452
0.001219142
0.001317213
0.001413774
0.001512569
0.001608856
0.0017074
0.001804276
0.001902232
0.001997938
0.002092147
0.002186495
0.002277279
0.002364282
0.002448388
0.00252878
0.002605521
0.00268076
0.002751415
0.002816122
0.002880479
0.002936667
0.00298802
0.003031765
0.003060772
0.003077252
0.003078181
0.003060246
0.003022209
0.002964272
0.002883781
0.002785013
0.002664778
0.002528265
0.002375631
0.002210064
0.002033398
0.001847625
0.001655512
0.001458175
0.001255577
0.001054689
0.0008558267
0.0006600223
0.0004707306
0.0002894583
0.0001197707
-3.815626E-05
-0.0001805726
-0.0003032315
-0.000406192
-0.0004893276
-0.0005471558
-0.0005830019
-0.0006006751
-0.0005939346
-0.0005655635
-0.0005225465
-0.0004592566
-0.0003835677
-0.0002975802
-0.000201704
-9.975241E-05
2.440203E-06
0.0001039828
0.0001996741
0.0002858295
0.0003596096
0.0004185709
0.0004591541
0.0004860361
0.0004936742
0.0004799165
0.0004493097
0.0004008793
0.0003388111
0.0002654601
0.0001816458
9.41603E-05
1.622819E-06
-9.163663E-05
-0.0001844906
-0.0002731928
-0.0003585598
-0.0004361077
-0.0005103864
-0.0005802155
-0.0006450292
-0.0007020683
-0.0007564429
-0.0008039078
-0.000845618
-0.0008825364
-0.0009138122
-0.00094002
-0.0009595475
-0.0009742015
-0.0009843326
-0.0009891598
-0.0009888419
-0.0009847963
-0.0009805948
-0.0009759683
-0.0009728856
-0.0009674536
-0.0009653212
-0.0009651011
-0.0009652773
-0.0009658289
-0.0009632204
-0.0009589365
-0.0009467321
-0.0009307723
-0.0009052593
-0.0008739772
-0.0008337062
-0.0007845419
-0.0007296612
-0.0006709364
-0.0006115892
-0.0005543638
-0.0005020249
-0.0004592632
-0.0004255582
-0.0004067268
-0.0004007878
-0.0004054528
-0.0004231984
-0.000450646
-0.0004852729
-0.000527501
-0.0005721059
-0.0006223855
-0.0006719666
-0.0007245677
-0.0007763006
-0.0008299801
-0.0008841497
-0.0009407804
-0.001001464
-0.001065985
-0.001136443
-0.001211928
-0.001293278
-0.001383272
-0.001475871
-0.001573519
-0.001671334
-0.001768092
-0.001860689
-0.001945436
-0.002019662
-0.002082461
-0.002133153
-0.002162908
-0.002176632
-0.0021734
-0.002154327
-0.00211795
-0.002068485
-0.002007309
-0.001936839
-0.001860016
-0.001779285
-0.001695197
-0.001612517
-0.001528299
-0.001446229
-0.001368947
-0.001293174
-0.00121968
-0.001148908
-0.001081375
-0.001013609
-0.0009496092
-0.000885537
-0.0008240304
-0.0007656256
-0.0007073716
-0.0006525734
-0.000600761
-0.0005546984
-0.0005129637
-0.0004758698
-0.0004399253
-0.0004096226
-0.000383787
-0.0003611784
-0.0003344239
-0.0003126684
-0.00028746
-0.0002601198
-0.0002299609
-0.0001946972
-0.0001564514
-0.0001134062
-6.546318E-05
-1.08975E-05
4.459084E-05
0.0001040587
0.0001612452
0.0002158679
0.0002686625
0.0003135619
0.0003585021
0.0003878977
0.0004112592
0.0004288991
0.0004407996
0.0004471058
0.0004529362
0.0004583536
0.0004639074
0.0004757012
0.0004920286
0.0005154022
0.0005456418
0.0005806329
0.0006208468
0.000666734
0.0007143773
0.000765142
0.0008167762
0.000867666
0.0009154881
0.0009635113
0.001010308
0.001056536
0.001102373
0.001148764
0.001202285
0.001261676
0.001328671
0.001406758
0.001498527
0.001598164
0.001708306
0.00182145
0.001934926
0.002048297
0.002156579
0.002252551
0.002333767
0.002399694
0.002447495
0.002480617
0.002499472
0.002506134
0.002502681
0.002492599
0.002478301
0.002460776
0.002445818
0.002431025
0.002418053
0.002402907
0.002385251
0.0023617
0.002329811
0.002285817
0.002226225
0.002150985
0.002057615
0.001950091
0.001826943
0.001692306
0.001547284
0.001396634
0.001244996
0.001090553
0.00094315
0.0007954264
0.0006630248
0.0005406289
0.0004256883
0.0003258804
0.0002334855
0.0001506292
7.520331E-05
1.03199E-05
-4.78751E-05
-9.723612E-05
-0.0001380547
-0.0001718874
-0.0001985148
-0.000219239
-0.0002349112
-0.0002440605
-0.0002479143
-0.000249871
-0.0002507203
-0.0002509439
-0.0002476976
-0.0002460251
-0.0002453921
-0.0002475283
-0.0002474267
-0.00024936
-0.0002523294
-0.0002577472
-0.0002659284
-0.0002775192
-0.0002944911
-0.0003147791
-0.0003408327
-0.0003727557
-0.0004072892
-0.0004452472
-0.0004914448
-0.0005357437
-0.0005849799
-0.000636854
-0.0006872758
-0.0007392032
-0.0007879456
-0.0008303376
-0.0008686011
-0.0009006498
-0.0009253667
-0.0009441057
-0.0009556001
-0.0009614059
-0.0009600665
-0.0009514781
-0.0009352132
-0.0009120238
-0.0008809131
-0.0008463625
-0.0008014828
-0.000754724
-0.0007020673
-0.0006492899
-0.0005974874
-0.0005480928
-0.0005067784
-0.0004751112
-0.0004532322
-0.0004425161
-0.0004449642
-0.0004596913
-0.0004857959
-0.000522078
-0.0005660256
-0.0006140704
-0.0006636009
-0.0007093212
-0.0007479061
-0.0007759765
-0.0007923141
-0.0007946759
-0.0007824643
-0.000758967
-0.0007255529
-0.0006869761
-0.0006453371
-0.0006075325
-0.0005760823
-0.0005546158
-0.0005459706
-0.000552853
-0.0005756845
-0.000613808
-0.0006636026
-0.0007217894
-0.0007885132
-0.0008577142
-0.0009291115
-0.0009980164
-0.001065267
-0.00113196
-0.001193192
-0.001253103
-0.001310654
-0.001368644
-0.001424651
-0.001479453
-0.001535242
-0.001587769
-0.001642462
-0.001693705
-0.001743854
-0.001789802
-0.001833466
-0.00187147
-0.001908631
-0.001940222
-0.00196256
-0.001989771
-0.002015243
-0.002039313
-0.002065304
-0.002088102
-0.002117793
-0.002145757
-0.002176522
-0.002204467
-0.002230336
-0.002251478
-0.002269031
-0.002275292
-0.002269855
-0.002250525
-0.002214941
-0.002158734
-0.002086892
-0.001997094
-0.001889787
-0.00176497
-0.00162608
-0.001474186
-0.001314972
-0.001147123
-0.0009737013
-0.0007965886
-0.0006169974
-0.000437822
-0.0002562067
-7.975308E-05
9.42378E-05
0.0002661418
0.0004343584
0.0006007819
0.0007612266
0.0009186589
0.001071054
0.001218527
0.001358458
0.001493338
0.001616794
0.001731558
0.001830922
0.001917843
0.001990265
0.002047049
0.002088697
0.00211792
0.002132916
0.002134406
0.002129314
0.002117929
0.002100611
0.002085604
0.002071822
0.002060731
0.002056309
0.002059722
0.002071979
0.002094567
0.002128274
0.002170073
0.002223747
0.002285179
0.002355471
0.002429811
0.002510997
0.002594944
0.00268246
0.002771118
0.00286207
0.002953107
0.003050122
0.003144978
0.003236792
0.003329882
0.003417679
0.003502837
0.003581825
0.003654134
0.00371579
0.003765808
0.003806434
0.003831164
0.003842987
0.003838948
0.003817012
0.003776352
0.003718546
0.003641129
0.003542593
0.003425696
0.003289377
0.003134524
0.002962876
0.002775599
0.002577318
0.002365828
0.00214706
0.001919725
0.001689933
0.001458959
0.001229522
0.0009997358
0.0007733599
0.000555745
0.0003452503
0.0001459283
-4.345252E-05
-0.0002205788
-0.0003836032
-0.000531743
-0.000667227
-0.000786089
-0.0008903398
-0.0009801065
-0.001054421
-0.001115826
-0.001164735
-0.001202606
-0.001230318
-0.001252069
-0.001268526
-0.001281057
-0.001293618
-0.001305162
-0.001319702
-0.001335355
-0.001354115
-0.001377417
-0.001405523
-0.001438866
-0.001477691
-0.001521264
-0.001572132
-0.00162785
-0.001691128
-0.001761497
-0.001839611
-0.001924103
-0.002016082
-0.0021166
-0.002222846
-0.002335236
-0.002454848
-0.002576666
-0.002703341
-0.002831599
-0.002965763
-0.003097879
-0.00323009
-0.003360462
-0.003490653
-0.003615598
-0.003734154
-0.003843675
-0.003944555
-0.004034363
-0.00411286
-0.00417515
-0.004220887
-0.00424936
-0.004255786
-0.004240305
-0.004202021
-0.004136331
-0.004047773
-0.003934905
-0.003800766
-0.003643479
-0.003469761
-0.003276638
-0.003066809
-0.002848666
-0.002624023
-0.002391049
-0.002158627
-0.001924809
-0.001695912
-0.001471151
-0.001254421
-0.001044525
-0.0008483063
-0.0006628336
-0.0004874823
-0.0003268658
-0.0001779991
-4.117752E-05
8.451527E-05
0.0001998483
0.0003032691
0.0003982944
0.0004870796
0.0005699781
0.0006475826
0.000720343
0.0007902375
0.0008573086
0.0009193415
0.0009827089
0.001042813
0.001102771
0.00116314
0.001223939
0.00128439
0.001345741
0.001409279
0.001473987
0.001542545
0.001614086
0.001690399
0.001772542
0.001860485
0.001955
0.00205487
0.00216084
0.002268585
0.002377111
0.002489325
0.002594206
0.002696157
0.002789776
0.002873311
0.002946148
0.003007848
0.003058681
0.003098643
0.003128471
0.003148466
0.00316183
0.003167717
0.003166892
0.003161129
0.00314946
0.003134048
0.003113997
0.00308977
0.003060137
0.003028184
0.002990684
0.002951914
0.002906486
0.0028584
0.002807716
0.002755271
0.002701433
0.002646149
0.002592244
0.002540122
0.002489468
0.002441141
0.002395173
0.002350621
0.002306431
0.002260515
0.00221342
0.002164068
0.002107273
0.002044003
0.001972136
0.001890165
0.001798129
0.001691817
0.001573568
0.001442316
0.001295842
0.001136684
0.000964827
0.0007820854
0.0005918315
0.0003954328
0.0001946158
-5.335464E-06
-0.0002046055
-0.0003967993
-0.0005835979
-0.0007623181
-0.0009290628
-0.001087195
-0.001230555
-0.001361309
-0.001479861
-0.00158527
-0.001680335
-0.001764523
-0.001841575
-0.001908413
-0.001968584
-0.002022297
-0.002075123
-0.002120389
-0.002162321
-0.002201807
-0.002237787
-0.002270474
-0.002299099
-0.002324832
-0.002345636
-0.00236245
-0.002374721
-0.002382766
-0.002385171
-0.00238471
-0.002383149
-0.002377567
-0.002372702
-0.002369673
-0.00236946
-0.002374085
-0.002381857
-0.002394308
-0.002410919
-0.00242752
-0.002442933
-0.002458395
-0.002466256
-0.002468969
-0.002463569
-0.002448236
-0.002424626
-0.002385155
-0.002336381
-0.002279504
-0.002211922
-0.002134847
-0.002051739
-0.001962799
-0.001866853
-0.001770377
-0.001670493
-0.001570071
-0.001471173
-0.001375733
-0.001282387
-0.001193604
-0.001109263
-0.001028887
-0.0009539491
-0.000884157
-0.0008197275
-0.0007603938
-0.0007037541
-0.0006492074
-0.0005991174
-0.0005496151
-0.0005001223
-0.0004523908
-0.0004026608
-0.0003522605
-0.000302609
-0.0002515684
-0.0001977733
-0.0001428447
-8.86208E-05
-3.169186E-05
2.407763E-05
8.283178E-05
0.0001426264
0.0002033599
0.0002655364
0.0003294027
0.0003945136
0.0004603232
0.0005265538
0.0005924901
0.0006611036
0.0007301043
0.0007982667
0.000861819
0.0009243138
0.0009812005
0.001037539
0.001089132
0.001134919
0.001174951
0.001212729
0.001242128
0.001269275
0.001288737
0.001304084
0.001312007
0.001317964
0.001323623
0.001319789
0.001317714
0.001306894
0.001296962
0.001283016
0.001268977
0.001251777
0.001231363
0.001210791
0.001188778
0.001164765
0.001135954
0.001105321
0.001070227
0.001034565
0.0009937331
0.0009497656
0.0009038225
0.0008582996
0.0008119274
0.0007640746
0.0007184233
0.0006728608
0.0006306459
0.0005913367
0.0005566709
0.0005213476
0.0004933044
0.00046646
0.0004430143
0.0004243392
0.000407765
0.0003933351
0.0003811777
0.0003697541
0.0003601514
0.0003531379
0.000345021
0.0003404907
0.0003328113
0.0003285267
0.0003223445
0.0003122623
0.0003038209
0.0002930485
0.0002817785
0.0002665095
0.0002519264
0.0002324638
0.0002107706
0.000189104
0.0001607224
0.0001312999
9.852608E-05
6.442433E-05
2.541343E-05
-1.606037E-05
-5.83097E-05
-0.0001015414
-0.0001488721
-0.0001965461
-0.000247178
-0.0002943736
-0.0003435548
-0.0003914862
-0.0004379826
-0.0004821045
-0.0005230602
-0.0005608203
-0.0005941842
-0.0006235634
-0.0006500207
-0.0006714287
-0.0006865764
-0.0006990261
-0.0007051763
-0.0007071877
-0.0007023877
-0.0006950808
-0.0006834497
-0.0006673144
-0.000646821
-0.0006258904
-0.0005995354
-0.0005755579
-0.0005449659
-0.000516257
-0.0004847415
-0.0004528049
-0.0004189659
-0.0003860907
-0.0003509386
-0.0003177923
-0.0002854423
-0.0002527032
-0.0002232985
-0.0001936289
-0.000168354
-0.0001434838
-0.0001232716
-0.0001045699
-9.05546E-05
-7.839914E-05
-6.961441E-05
-6.541167E-05
-6.288319E-05
-6.49092E-05
-6.615327E-05
-6.886428E-05
-6.976294E-05
-7.499642E-05
-7.870835E-05
-8.237571E-05
-8.372997E-05
-8.220897E-05
-8.029178E-05
-7.304149E-05
-6.848301E-05
-5.614478E-05
-4.694767E-05
-3.595097E-05
-2.229548E-05
-8.27235E-06
6.398416E-06
1.998885E-05
3.204848E-05
4.249945E-05
5.575E-05
6.469945E-05
7.333592E-05
8.342283E-05
9.319474E-05
0.0001012046
0.0001100337
0.0001173605
0.000124871
0.0001331946
0.0001430191
0.0001560082
0.00016852
0.0001811061
0.0001948976
0.0002087765
0.0002231065
0.0002354776
0.0002498794
0.0002661112
0.0002772514
0.0002876514
0.0003013485
0.0003079548
0.0003156204
0.0003204908
0.0003227848
0.0003223136
0.0003161121
0.000311023
0.0003005903
0.0002883218
0.0002733023
0.0002572409
0.0002372677
0.0002201992
0.0001981348
0.0001754748
0.0001509705
0.0001270009
0.0001036635
8.19574E-05
6.214157E-05
4.486975E-05
3.04917E-05
1.908793E-05
1.146156E-05
8.219403E-06
6.26665E-06
7.956426E-06
1.296392E-05
2.225398E-05
2.941188E-05
4.011738E-05
5.172163E-05
6.0928E-05
6.956391E-05
7.547294E-05
7.748533E-05
8.155359E-05
7.943841E-05
7.534301E-05
6.936352E-05
6.14684E-05
5.091496E-05
3.736269E-05
2.463419E-05
1.284018E-05
8.184159E-07
-1.194389E-05
-2.339561E-05
-3.821396E-05
-4.915732E-05
-6.082772E-05
-7.351743E-05
-8.388055E-05
-9.16028E-05
-0.0001008191
-0.000112546
-0.0001180398
-0.0001251729
-0.0001328562
-0.0001381775
-0.0001395414
-0.0001403721
-0.0001390329
-0.0001363925
-0.0001369217
-0.0001350992
-0.0001311043
-0.0001263863
-0.0001221834
-0.0001147278
-0.0001110855
-0.0001063751
-0.0001045955
-9.904246E-05
-0.0001001369
-9.91289E-05
-9.798791E-05
-9.869254E-05
-9.623084E-05
-9.64646E-05
-9.17486E-05
-8.993981E-05
-8.312344E-05
-7.457944E-05
-6.261644E-05
-5.556462E-05
-4.119919E-05
-2.936327E-05
-1.892776E-05
-5.365508E-06
4.033378E-06
1.603852E-05
2.517104E-05
3.601596E-05
3.952337E-05
4.70152E-05
4.964137E-05
5.560381E-05
5.680745E-05
5.941739E-05
5.87306E-05
5.946053E-05
5.727131E-05
5.57635E-05
5.44002E-05
5.284209E-05
5.067988E-05
5.023681E-05
4.885327E-05
4.877159E-05
4.890794E-05
5.153238E-05
5.145939E-05
5.660864E-05
5.69095E-05
6.145102E-05
6.871091E-05
7.335583E-05
8.372376E-05
8.757709E-05
9.815447E-05
0.0001035396
0.0001101201
0.0001165659
0.0001214656
0.0001254373
0.0001295853
0.0001335943
0.0001312034
0.0001373253
0.0001361575
0.000136051
0.0001369853
0.0001364877
0.0001326528
0.0001310542
0.0001276353
0.0001247982
0.0001226975
0.0001178909
0.0001213894
0.0001182114
0.0001199107
0.0001192984
0.0001197012
0.0001207395
0.0001195881
0.0001166364
0.0001185184
0.0001118166
0.0001118158
0.0001051696
0.0001028531
9.376911E-05
8.357551E-05
7.395367E-05
6.567685E-05
5.360988E-05
4.256264E-05
3.30026E-05
2.191209E-05
7.710732E-06
1.610417E-07
-1.280652E-05
-1.868978E-05
-2.912766E-05
-3.509853E-05
-4.234176E-05
-4.492195E-05
-4.906626E-05
-5.450234E-05
-5.403455E-05
-5.627912E-05
-5.432619E-05
-5.298635E-05
-5.243898E-05
-4.820548E-05
-4.722425E-05
-4.307152E-05
-4.226383E-05
-4.012102E-05
-3.790661E-05
-3.859535E-05
-3.844121E-05
-4.087186E-05
-4.357224E-05
-4.591029E-05
-5.122279E-05
-5.255951E-05
-5.880593E-05
-5.937956E-05
-6.507137E-05
-6.676708E-05
-7.227291E-05
-7.257661E-05
-7.622821E-05
-7.679031E-05
-7.776042E-05
-7.951176E-05
-7.702894E-05
-7.540957E-05
-7.540536E-05
-7.283075E-05
-6.982766E-05
-6.852909E-05
-6.430278E-05
-6.289638E-05
-5.92151E-05
-5.624262E-05
-5.389227E-05
-4.827453E-05
-4.961167E-05
-4.299889E-05
-4.48053E-05
-3.974242E-05
-3.699411E-05
-3.3948E-05
-2.811266E-05
-2.466658E-05
-1.891038E-05
-1.272861E-05
-4.515545E-06
2.265767E-06
1.175526E-05
1.886343E-05
2.885226E-05
3.554933E-05
4.558264E-05
5.567949E-05
6.277761E-05
7.159951E-05
7.852881E-05
8.414147E-05
9.328609E-05
9.82042E-05
0.00010165
0.000109741
0.0001094482
0.0001136262
0.0001137298
0.0001152959
0.0001163848
0.0001145307
0.0001125828
0.0001134154
0.0001102991
0.0001088772
0.0001082917
0.0001061487
0.0001065939
0.0001035811
0.0001033913
0.0001044571
0.0001018201
0.000100891
0.0001009086
0.0001000844
9.903809E-05
9.894327E-05
9.791073E-05
0.0001005937
9.64484E-05
9.598187E-05
9.264887E-05
9.276738E-05
8.987817E-05
8.598593E-05
8.467121E-05
7.928384E-05
7.698561E-05
7.316611E-05
6.975109E-05
6.768893E-05
6.317052E-05
6.109192E-05
5.483609E-05
5.341138E-05
4.761453E-05
4.385732E-05
4.114787E-05
3.583602E-05
3.062138E-05
3.01859E-05
2.257419E-05
2.016514E-05
1.538184E-05
9.43619E-06
5.637877E-06
1.472274E-06
-4.655926E-06
-1.072107E-05
-1.445821E-05
-2.073465E-05
-2.525021E-05
-2.942218E-05
-3.517795E-05
-4.243477E-05
-4.359522E-05
-5.170758E-05
-5.270671E-05
-5.660532E-05
-5.873448E-05
-6.32278E-05
-6.386858E-05
-6.376627E-05
-6.692111E-05
-6.390233E-05
-6.480156E-05
-6.163843E-05
-6.190786E-05
-5.96551E-05
-5.641103E-05
-5.615044E-05
-5.12729E-05
-4.875508E-05
-4.570942E-05
-4.566455E-05
-4.043755E-05
-3.806949E-05
-3.491295E-05
-3.139669E-05
-3.040833E-05
-2.570762E-05
-2.258885E-05
-1.916636E-05
-1.423803E-05
-1.36708E-05
