-1.050628E-06
-5.284231E-07
-1.287967E-06
-2.011418E-06
-3.228704E-06
-3.140841E-06
-2.573188E-06
-3.419413E-06
-2.501144E-06
-8.801456E-07
-1.066078E-06
2.315064E-06
2.209748E-06
2.290495E-06
2.336883E-06
2.139535E-06
1.06455E-06
-8.339866E-07
-2.953936E-06
-7.167172E-06
-1.056689E-05
-1.27549E-05
-1.441244E-05
-1.317038E-05
-1.308684E-05
-1.482676E-05
-1.071378E-05
-9.79906E-06
-8.32122E-06
-6.440495E-06
-3.074763E-06
-7.117699E-07
7.361788E-07
-1.20602E-06
-2.595424E-06
-4.830999E-06
-5.945401E-06
-5.014875E-06
-3.439906E-06
-4.281576E-06
-3.16358E-06
4.237753E-07
1.434844E-06
5.119298E-06
6.058166E-06
5.168843E-06
7.439077E-06
9.903209E-06
1.18708E-05
1.558525E-05
1.919961E-05
1.876206E-05
1.738565E-05
1.604192E-05
1.574054E-05
1.305409E-05
9.088851E-06
5.802905E-06
2.30049E-06
-5.117286E-06
-1.030798E-05
-1.812141E-05
-2.843783E-05
-3.389613E-05
-4.303271E-05
-4.890118E-05
-5.499152E-05
-5.82275E-05
-6.12804E-05
-6.267687E-05
-5.999354E-05
-5.315755E-05
-4.897345E-05
-4.351401E-05
-3.726787E-05
-3.640393E-05
-3.401098E-05
-3.602945E-05
-3.71143E-05
-4.3864E-05
-5.021702E-05
-5.423304E-05
-5.667538E-05
-6.233808E-05
-6.980072E-05
-7.580822E-05
-8.42531E-05
-9.2375E-05
-0.0001007802
-0.0001105738
-0.0001156686
-0.0001167643
-0.0001173758
-0.0001175121
-0.0001148481
-0.0001120866
-0.0001082174
-0.0001016103
-9.23402E-05
-8.07796E-05
-6.653759E-05
-4.960255E-05
-3.10779E-05
-1.323191E-05
5.203307E-06
2.280483E-05
4.119107E-05
5.299096E-05
5.918463E-05
6.128606E-05
6.427327E-05
6.671393E-05
6.9887E-05
7.488527E-05
8.165048E-05
9.222629E-05
0.0001027308
0.0001122524
0.0001223965
0.0001289503
0.0001326916
0.0001332847
0.0001302839
0.0001249631
0.0001146181
0.0001050899
9.420055E-05
8.919454E-05
8.326659E-05
8.598316E-05
9.217691E-05
0.0001035609
0.0001139999
0.0001250756
0.0001308561
0.0001337177
0.0001317099
0.0001278802
0.0001206523
0.0001129286
0.0001060146
9.842299E-05
9.170629E-05
8.32098E-05
7.588354E-05
6.666005E-05
5.358639E-05
3.253922E-05
7.536747E-06
-1.645889E-05
-5.044262E-05
-8.862121E-05
-0.0001363874
-0.0001876043
-0.0002440324
-0.0002986374
-0.0003569075
-0.0004126745
-0.0004674745
-0.0005192431
-0.0005683816
-0.0006129071
-0.0006515417
-0.0006846415
-0.0007054226
-0.0007184886
-0.0007278274
-0.000723491
-0.000702446
-0.0006807544
-0.0006486813
-0.0006073313
-0.0005631082
-0.0005205456
-0.0004707793
-0.0004212949
-0.0003721221
-0.0003258713
-0.0002803511
-0.0002397206
-0.0002064733
-0.0001799316
-0.0001622588
-0.0001509022
-0.0001462086
-0.000148023
-0.0001527285
-0.00016103
-0.0001703634
-0.0001793584
-0.0001844046
-0.0001819236
-0.0001756871
-0.0001615815
-0.0001385746
-0.0001061961
-6.554296E-05
-2.253592E-05
1.838878E-05
6.253144E-05
0.0001058162
0.0001503664
0.0001962626
0.0002440463
0.0002888964
0.0003377621
0.0003857264
0.0004310133
0.0004705172
0.0005109048
0.0005417377
0.0005647916
0.000575489
0.000576344
0.0005703762
0.000556556
0.0005345453
0.0005069939
0.0004741178
0.000436352
0.0004026618
0.0003626649
0.0003283347
0.0002960924
0.0002643641
0.0002344499
0.0002034405
0.0001687829
0.0001280532
8.352383E-05
3.323486E-05
-1.036826E-05
-5.215798E-05
-8.40104E-05
-0.0001114988
-0.0001244663
-0.0001305819
-0.000131237
-0.0001255621
-0.000117447
-0.0001063424
-9.436513E-05
-8.260045E-05
-6.798123E-05
-4.807781E-05
-2.113344E-05
1.443969E-05
5.539055E-05
0.0001026027
0.0001450175
0.0001800908
0.0001995795
0.0001993899
0.0001744494
0.0001277639
5.73444E-05
-2.695311E-05
-0.0001249944
-0.0002277849
-0.0003278496
-0.0004226752
-0.0005074425
-0.0005819059
-0.0006445761
-0.0006906246
-0.0007272705
-0.0007500432
-0.0007689861
-0.000775124
-0.0007778878
-0.0007730411
-0.0007597515
-0.0007383813
-0.0007083812
-0.0006677511
-0.0006194391
-0.0005609332
-0.0004966363
-0.0004260506
-0.0003526158
-0.0002783708
-0.00020987
-0.000149785
-0.0001015705
-6.731995E-05
-4.71766E-05
-4.218291E-05
-5.22595E-05
-7.485682E-05
-0.0001054374
-0.0001394815
-0.0001773392
-0.0002159951
-0.0002465257
-0.0002761176
-0.0002973997
-0.0003056601
-0.000304916
-0.0002916051
-0.0002681048
-0.0002305612
-0.0001842878
-0.0001282435
-6.963714E-05
-7.225058E-06
5.206826E-05
0.0001076447
0.0001565423
0.0001958384
0.0002294177
0.0002560251
0.0002801279
0.0003028373
0.0003284484
0.0003587909
0.0003945751
0.0004378383
0.0004925411
0.0005502944
0.0006106202
0.0006670929
0.0007157493
0.0007463621
0.0007537737
0.0007311353
0.000681682
0.0006030679
0.0004973342
0.0003690361
0.0002240821
6.641426E-05
-9.574542E-05
-0.0002567183
-0.0004106646
-0.0005504097
-0.0006742808
-0.0007752752
-0.0008547939
-0.0009110697
-0.000942239
-0.0009540886
-0.0009464619
-0.0009249797
-0.0008924082
-0.0008505768
-0.0008019723
-0.0007519457
-0.0007036312
-0.0006594327
-0.0006222957
-0.0005943684
-0.0005729357
-0.0005607217
-0.0005540212
-0.000552295
-0.0005536598
-0.000557442
-0.000562851
-0.0005652252
-0.0005689183
-0.0005703164
-0.0005676619
-0.0005618987
-0.0005498849
-0.0005321786
-0.0005012385
-0.0004617374
-0.0004108456
-0.0003495066
-0.000277574
-0.0001974284
-0.0001118286
-2.291878E-05
6.381308E-05
0.0001457433
0.0002229567
0.0002895991
0.0003442085
0.0003860194
0.0004156246
0.0004320012
0.0004373805
0.0004340386
0.0004175256
0.0004005606
0.0003728441
0.0003450286
0.0003173464
0.0002926653
0.0002719966
0.0002573755
0.0002493816
0.0002475132
0.0002499507
0.000253661
0.0002601476
0.0002664511
0.0002688805
0.000269098
0.0002647621
0.0002591419
0.0002476669
0.000231242
0.0002155253
0.0001956783
0.0001768001
0.0001576257
0.000142971
0.0001328917
0.0001316249
0.0001407126
0.0001601137
0.0001868065
0.0002224814
0.0002616772
0.0003030989
0.0003403745
0.0003727063
0.0003951006
0.0004059681
0.0003964819
0.000370461
0.0003280397
0.0002661074
0.0001849768
9.074609E-05
-1.451151E-05
-0.0001298855
-0.0002444428
-0.0003629228
-0.0004748197
-0.0005832107
-0.0006797283
-0.0007669968
-0.0008391789
-0.0008937521
-0.0009369762
-0.0009596043
-0.0009721507
-0.0009682598
-0.000950004
-0.0009153815
-0.0008691701
-0.0008146994
-0.0007517562
-0.0006825144
-0.0006083849
-0.0005304943
-0.0004506598
-0.000373178
-0.0002961154
-0.0002245893
-0.0001573524
-9.998485E-05
-4.613646E-05
-3.094132E-06
3.380173E-05
5.589813E-05
7.160268E-05
7.578907E-05
6.727422E-05
4.378068E-05
3.335645E-06
-5.228747E-05
-0.0001222126
-0.0002098104
-0.0003118718
-0.0004259761
-0.0005538093
-0.0006896518
-0.0008314921
-0.0009762397
-0.001116983
-0.001251137
-0.001377834
-0.00149234
-0.001590271
-0.001671958
-0.001733909
-0.001775565
-0.00179459
-0.001794726
-0.001775916
-0.001736637
-0.001682693
-0.001616471
-0.001536729
-0.001444286
-0.001344171
-0.001239972
-0.001131477
-0.001023571
-0.00091738
-0.0008115123
-0.0007139686
-0.0006214486
-0.0005377761
-0.0004616225
-0.0003928806
-0.0003312765
-0.0002721507
-0.0002211902
-0.0001711298
-0.0001249875
-7.978499E-05
-3.525944E-05
9.937688E-06
5.589894E-05
9.659472E-05
0.0001401869
0.000181121
0.0002253253
0.0002664595
0.0003080312
0.0003515623
0.0003963779
0.0004425879
0.000492122
0.000542766
0.0005959717
0.0006526759
0.0007136904
0.0007737134
0.0008370695
0.0008981091
0.0009584954
0.001014965
0.001063406
0.001104811
0.001134781
0.001149902
0.001152045
0.001139415
0.001112068
0.001072243
0.00102155
0.0009608687
0.0008948601
0.0008237979
0.0007510117
0.0006775314
0.0006052904
0.0005308723
0.0004581969
0.0003830219
0.0003035816
0.0002210662
0.0001339603
4.125849E-05
-5.592008E-05
-0.0001570363
-0.0002611922
-0.0003665862
-0.0004716626
-0.0005713807
-0.0006663571
-0.0007519385
-0.0008203743
-0.0008761216
-0.0009170455
-0.0009437877
-0.0009574285
-0.0009589861
-0.0009525173
-0.0009378339
-0.0009219434
-0.00090391
-0.0008907935
-0.0008777114
-0.000872024
-0.000869322
-0.0008725976
-0.0008796817
-0.0008921966
-0.0009075255
-0.0009274305
-0.000951757
-0.0009796317
-0.001017201
-0.001061072
-0.001111703
-0.001174674
-0.001246019
-0.001326345
-0.001414919
-0.001509967
-0.001607744
-0.001704485
-0.001796612
-0.001878376
-0.001947281
-0.002002965
-0.002031019
-0.00204713
-0.002038665
-0.002009009
-0.001959272
-0.00188963
-0.001800358
-0.001699851
-0.001584786
-0.001460979
-0.001329172
-0.001189118
-0.001043445
-0.0008921647
-0.0007335224
-0.0005718583
-0.0004046338
-0.0002327347
-5.924483E-05
0.0001139222
0.0002883551
0.0004576057
0.0006227565
0.0007774723
0.0009239195
0.001054912
0.001173683
0.001276077
0.001361387
0.001422382
0.001465432
0.001485413
0.001487413
0.001471962
0.001445962
0.001410053
0.001367902
0.001321975
0.001277214
0.001230814
0.001187922
0.001147068
0.001108342
0.001071765
0.001034315
0.0009970607
0.0009582974
0.0009199456
0.0008800122
0.0008407081
0.0007995639
0.0007616418
0.0007244057
0.0006891107
0.0006562362
0.0006227845
0.0005902274
0.0005543184
0.0005155815
0.0004705193
0.0004190168
0.0003600427
0.0002933478
0.0002165271
0.0001322031
3.87472E-05
-6.115047E-05
-0.0001708097
-0.0002834132
-0.0004009714
-0.0005229948
-0.0006498448
-0.000782125
-0.0009171268
-0.001053095
-0.001189451
-0.001324027
-0.001459569
-0.001590316
-0.001719042
-0.001842962
-0.001961732
-0.002072486
-0.002175191
-0.002272007
-0.002358316
-0.002433375
-0.002498935
-0.002556394
-0.002596795
-0.002628547
-0.002640044
-0.002634516
-0.002610384
-0.002567041
-0.002501753
-0.002417898
-0.002317883
-0.002207121
-0.002084727
-0.001956981
-0.001826605
-0.001698347
-0.001570117
-0.001449788
-0.001336698
-0.001232236
-0.001137604
-0.001054046
-0.0009836184
-0.0009224962
-0.0008731894
-0.0008357287
-0.0008057628
-0.0007849475
-0.0007743364
-0.0007704732
-0.0007700992
-0.000767944
-0.0007636131
-0.000755461
-0.0007340482
-0.0007050491
-0.0006580506
-0.0005945569
-0.0005167556
-0.0004226633
-0.0003159009
-0.0001977928
-6.983387E-05
6.629425E-05
0.0002081714
0.0003527801
0.0004992166
0.0006420767
0.0007839921
0.0009194087
0.001046438
0.001161614
0.001266616
0.001352594
0.001421465
0.001477873
0.001512039
0.001535929
0.001547988
0.00154392
0.001533111
0.001516312
0.001495619
0.001466615
0.001437309
0.001403058
0.001368071
0.001323641
0.00127749
0.001223476
0.001162857
0.001093584
0.001017173
0.0009313421
0.0008415037
0.0007498666
0.0006619739
0.0005794331
0.0005003744
0.000431649
0.0003708205
0.0003180716
0.0002707344
0.0002288893
0.0001896142
0.0001506297
0.000112248
7.253798E-05
2.912035E-05
-1.840226E-05
-7.10252E-05
-0.000127315
-0.0001880672
-0.0002511761
-0.0003200607
-0.0003870834
-0.000462555
-0.0005367108
-0.0006148147
-0.000697441
-0.0007838408
-0.0008777568
-0.0009767259
-0.001081135
-0.001189563
-0.001303879
-0.001420996
-0.001540772
-0.001664544
-0.001788403
-0.001908646
-0.002024062
-0.00213526
-0.002233458
-0.002318653
-0.002389935
-0.002438257
-0.002463405
-0.002466331
-0.002443979
-0.002394896
-0.00232396
-0.0022246
-0.002106474
-0.001971002
-0.001822933
-0.001665647
-0.001502933
-0.00133882
-0.001175218
-0.001014886
-0.0008599923
-0.0007129305
-0.0005733949
-0.0004454728
-0.0003241272
-0.0002171216
-0.0001206397
-3.463472E-05
3.716924E-05
0.0001008401
0.0001503022
0.0001880727
0.0002152428
0.0002328205
0.000239431
0.000236088
0.0002242321
0.0002065758
0.0001836059
0.0001594854
0.0001362112
0.0001179214
0.0001055817
0.0001047316
0.0001152436
0.000140814
0.0001771418
0.0002312461
0.0002900542
0.0003610138
0.0004337807
0.0005096133
0.0005810845
0.0006486902
0.0007099778
0.0007618017
0.0008058011
0.0008401463
0.0008650862
0.000882464
0.000893453
0.0008984155
0.0009007364
0.0008982325
0.0008934694
0.0008878877
0.0008794559
0.000868692
0.0008505742
0.0008258257
0.000796348
0.0007555071
0.0007031219
0.0006448014
0.0005787099
0.000508047
0.0004309633
0.000349163
0.000260554
0.0001710058
7.598291E-05
-2.429896E-05
-0.0001297644
-0.000241639
-0.0003601339
-0.0004860515
-0.0006193521
-0.0007586217
-0.000904047
-0.001051721
-0.001200519
-0.001346082
-0.001483615
-0.001611277
-0.00173038
-0.001829934
-0.001915377
-0.001980386
-0.002027364
-0.002056785
-0.002069615
-0.002065415
-0.002046752
-0.002015956
-0.001977749
-0.001932305
-0.001886439
-0.001840472
-0.001796436
-0.001756538
-0.001719711
-0.001689638
-0.001664511
-0.001642662
-0.00162119
-0.001599488
-0.001572377
-0.001543453
-0.00150961
-0.001470793
-0.001428433
-0.001382886
-0.001337379
-0.00129074
-0.001247274
-0.001205364
-0.001164952
-0.00112491
-0.001084957
-0.00104619
-0.001009086
-0.0009675658
-0.0009264007
-0.0008851641
-0.0008389849
-0.0007894262
-0.0007326481
-0.0006721166
-0.0006032288
-0.0005289094
-0.0004451719
-0.0003550885
-0.0002591751
-0.0001594204
-5.734227E-05
4.447005E-05
0.0001466831
0.000245017
0.0003391642
0.0004274988
0.0005111659
0.0005876448
0.0006572029
0.0007179925
0.0007758475
0.0008219413
0.0008641591
0.000897328
0.0009221853
0.0009424642
0.0009524786
0.0009471569
0.0009374346
0.0009100579
0.0008728077
0.0008302775
0.0007826013
0.0007291555
0.0006772479
0.0006257259
0.0005787567
0.0005404477
0.000505508
0.0004803517
0.0004629223
0.0004520504
0.0004432811
0.0004347823
0.0004219326
0.0004052963
0.0003825069
0.0003521894
0.0003106705
0.0002615952
0.0002065492
0.0001462002
8.408156E-05
2.320511E-05
-3.39012E-05
-8.328185E-05
-0.0001243594
-0.0001549962
-0.0001741382
-0.0001816613
-0.0001758646
-0.000166565
-0.0001497221
-0.0001328801
-0.0001162881
-0.0001074678
-0.000108885
-0.0001270168
-0.0001543354
-0.0001958225
-0.0002492569
-0.0003155017
-0.000389764
-0.0004684314
-0.0005526263
-0.0006363075
-0.0007170233
-0.0007953353
-0.000868139
-0.0009375844
-0.001003834
-0.001072448
-0.001137806
-0.001206491
-0.00127691
-0.001351489
-0.001426244
-0.001500348
-0.0015673
-0.001629685
-0.001680988
-0.001715328
-0.001729816
-0.001726826
-0.00170099
-0.001659012
-0.001599685
-0.001524663
-0.001439705
-0.001346339
-0.001247884
-0.001148476
-0.00104929
-0.0009542433
-0.0008653183
-0.0007857105
-0.0007122845
-0.0006476654
-0.0005942479
-0.0005481356
-0.0005090203
-0.0004807269
-0.0004555632
-0.0004387124
-0.0004251365
-0.0004177122
-0.0004077141
-0.000397675
-0.0003850519
-0.0003723646
-0.0003560192
-0.0003334837
-0.0003079686
-0.0002789549
-0.0002432197
-0.0002074124
-0.0001670717
-0.0001203988
-7.676599E-05
-2.722835E-05
2.304671E-05
7.484773E-05
0.0001276796
0.0001846057
0.0002390779
0.0002939038
0.0003468292
0.0003986043
0.0004488954
0.000495807
0.0005381209
0.0005771316
0.0006100974
0.0006380919
0.0006595837
0.0006738363
0.0006813215
0.0006823327
0.0006773472
0.0006656718
0.0006482984
0.0006259057
0.0006000763
0.0005706582
0.000540036
0.0005066829
0.0004715232
0.0004344812
0.0003961491
0.0003559339
0.000315887
0.0002746988
0.0002330393
0.0001954361
0.0001562356
0.0001189634
8.5591E-05
5.036756E-05
1.543563E-05
-1.789434E-05
-5.402484E-05
-9.331631E-05
-0.000135711
-0.0001863709
-0.0002406391
-0.0003017525
-0.0003693819
-0.0004435021
-0.0005213246
-0.0006042983
-0.0006906786
-0.0007831175
-0.000876144
-0.0009692005
-0.001066423
-0.001162314
-0.001252679
-0.001344222
-0.001433521
-0.001514379
-0.001590064
-0.00166093
-0.00172413
-0.001785096
-0.001838488
-0.001891368
-0.001938578
-0.001980972
-0.002020993
-0.002057313
-0.00208955
-0.002117093
-0.002140331
-0.002157888
-0.002169546
-0.002175695
-0.002173679
-0.002165051
-0.002151731
-0.002130726
-0.002102737
-0.002069517
-0.002030403
-0.00198333
-0.001926009
-0.001865738
-0.001796344
-0.001722735
-0.001641424
-0.001554638
-0.001463151
-0.001365541
-0.001264146
-0.001158965
-0.001050269
-0.0009382979
-0.000821631
-0.0007046902
-0.0005831964
-0.0004624153
-0.0003414654
-0.0002226896
-0.0001050034
1.091418E-05
0.000122954
0.0002279974
0.0003282408
0.0004248046
0.0005156709
0.0006011943
0.0006808682
0.0007571331
0.0008287751
0.0008955
0.000960394
0.001020923
0.001077983
0.001134781
0.001187425
0.001237166
0.001282982
0.001323074
0.001359023
0.001386986
0.001408193
0.001418638
0.001419584
0.00140919
0.001387632
0.001353647
0.001306316
0.001252008
0.001190809
0.001121783
0.001046621
0.000971007
0.0008953453
0.0008194884
0.0007451472
0.0006721365
0.000603803
0.0005407179
0.0004775285
0.0004178354
0.0003628521
0.0003111384
0.0002643558
0.0002224855
0.0001873671
0.0001576461
0.0001367719
0.0001189546
0.0001094063
0.0001033041
0.0001007844
0.0001016408
0.00010277
0.0001019959
9.787774E-05
8.705744E-05
6.705541E-05
3.642685E-05
-3.768804E-06
-6.108625E-05
-0.000130036
-0.0002151993
-0.000313427
-0.0004256962
-0.000549404
-0.00068385
-0.0008284583
-0.0009811391
-0.001140451
-0.001302657
-0.001470982
-0.001638557
-0.001805935
-0.00197123
-0.002130651
-0.002284764
-0.00243462
-0.002574287
-0.002705065
-0.002825482
-0.002937129
-0.003036151
-0.003122959
-0.003195107
-0.003256221
-0.003300814
-0.00333248
-0.003350284
-0.003353053
-0.003340178
-0.003309201
-0.003266205
-0.003207461
-0.003135368
-0.003049908
-0.002951881
-0.002847202
-0.002731192
-0.002611581
-0.00248611
-0.002356015
-0.002225548
-0.002091717
-0.001959209
-0.001830927
-0.001703092
-0.00157934
-0.001457243
-0.001338846
-0.001228232
-0.001128079
-0.001034406
-0.0009551906
-0.0008884291
-0.0008342747
-0.0007921713
-0.0007624125
-0.0007362028
-0.0007243469
-0.0007165259
-0.0007098429
-0.0007012077
-0.0006892999
-0.0006689528
-0.0006405338
-0.000606424
-0.0005608579
-0.0005074666
-0.0004470342
-0.0003778355
-0.0003013307
-0.0002194859
-0.0001330464
-4.064746E-05
5.18597E-05
0.000150987
0.0002507056
0.0003548192
0.0004590326
0.0005641903
0.0006704726
0.0007757078
0.0008812508
0.000983462
0.001082605
0.001179641
0.001274041
0.001365937
0.001455963
0.001543662
0.001631623
0.001716476
0.001803607
0.00189027
0.001974377
0.002057533
0.002134824
0.00220683
0.002272454
0.002328952
0.002370965
0.002400321
0.002413878
0.00240966
0.002383683
0.002341487
0.002281824
0.002205942
0.00211698
0.002014101
0.001899598
0.001773953
0.001638112
0.001497435
0.001351963
0.001204196
0.00105465
0.0009038126
0.000754005
0.0006079925
0.0004652314
0.0003269248
0.0001970614
7.3815E-05
-4.024675E-05
-0.0001472082
-0.000248296
-0.0003407474
-0.0004288676
-0.0005084447
-0.0005833411
-0.0006503448
-0.0007080095
-0.0007621862
-0.0008117473
-0.0008586104
-0.0008995792
-0.0009405578
-0.00098234
-0.001027102
-0.001071152
-0.001113902
-0.00116385
-0.001215417
-0.001275523
-0.001336322
-0.001403153
-0.001472083
-0.001545299
-0.001623991
-0.001705108
-0.001790638
-0.001877708
-0.001967927
-0.002062207
-0.002157293
-0.002256084
-0.0023576
-0.002459353
-0.002561192
-0.002663818
-0.002763268
-0.00286001
-0.002951488
-0.00303547
-0.003112503
-0.003178143
-0.003234234
-0.003278121
-0.003308672
-0.003327899
-0.003332043
-0.003325185
-0.003304334
-0.003270188
-0.003225385
-0.003168965
-0.003101668
-0.003025804
-0.002938742
-0.002843001
-0.00274045
-0.002632116
-0.002517505
-0.002397232
-0.00227499
-0.002148886
-0.002020307
-0.001889876
-0.001758779
-0.001627131
-0.001496911
-0.001368841
-0.001241834
-0.001117789
-0.0009970453
-0.0008807214
-0.0007690899
-0.000664926
-0.0005667125
-0.0004757775
-0.0003900208
-0.0003110069
-0.0002376662
-0.0001664671
-9.96931E-05
-3.605182E-05
2.677087E-05
8.600744E-05
0.0001428203
0.0001982596
0.0002527672
0.0003042271
0.0003513493
0.0003967297
0.0004390629
0.0004785206
0.0005188739
0.0005556583
0.0005942025
0.0006324087
0.0006727939
0.0007147625
0.0007587561
0.0008040901
0.0008506051
0.0008949601
0.00093694
0.0009761041
0.001009607
0.00103662
0.00105948
0.001076445
0.00108733
0.001095733
0.001101527
0.001103144
0.001107246
0.001111973
0.001118928
0.001125441
0.001135561
0.001147576
0.001158077
0.001170859
0.001179297
0.001186031
0.001189621
0.001185218
0.001173289
0.001156441
0.001133474
0.001107371
0.001073128
0.001034513
0.0009933871
0.0009462309
0.0008920655
0.0008279567
0.0007556264
0.0006721998
0.0005731188
0.0004632033
0.0003398739
0.0002060849
6.340419E-05
-8.592285E-05
-0.0002377969
-0.0003882564
-0.0005383968
-0.0006838312
-0.0008220586
-0.0009509072
-0.001069562
-0.001175926
-0.001270203
-0.001350348
-0.001418151
-0.001471238
-0.001508876
-0.001535032
-0.001547673
-0.001552884
-0.001545774
-0.001532853
-0.001510639
-0.001485924
-0.001458317
-0.001430303
-0.001404899
-0.001381709
-0.001361348
-0.001348125
-0.001337088
-0.001337369
-0.001346595
-0.00136298
-0.001388385
-0.001420894
-0.001462177
-0.001511219
-0.001568336
-0.001630955
-0.001694475
-0.001762456
-0.001833026
-0.001903345
-0.001969419
-0.002032932
-0.002091954
-0.002143824
-0.002187745
-0.002220441
-0.002243281
-0.002252758
-0.002252552
-0.002239855
-0.002215147
-0.002179076
-0.002131192
-0.002073744
-0.002008284
-0.001937246
-0.001859406
-0.001777007
-0.001690891
-0.001600348
-0.001507332
-0.001412329
-0.001316087
-0.001219976
-0.001125647
-0.001033495
-0.0009424438
-0.0008564625
-0.0007752453
-0.0006985803
-0.0006277405
-0.0005637272
-0.0005052116
-0.0004536098
-0.0004094382
-0.0003730688
-0.0003420538
-0.0003156546
-0.0002944183
-0.0002737096
-0.0002564827
-0.0002365499
-0.0002153145
-0.0001952928
-0.0001750316
-0.0001505605
-0.0001239314
-9.066422E-05
-5.921665E-05
-2.551559E-05
1.389246E-05
5.499525E-05
9.647373E-05
0.0001348954
0.000175894
0.0002161996
0.0002542096
0.0002907918
0.000321163
0.0003511368
0.0003726363
0.0003964
0.0004142772
0.0004262421
0.0004330649
0.0004411907
0.0004472679
0.0004474744
0.000446701
0.0004480275
0.0004445216
0.0004453042
0.0004423914
0.0004414698
0.0004460092
0.0004548553
0.000462034
0.0004733997
0.0004909812
0.0005070833
0.0005264207
0.0005481138
0.0005672484
0.0005865995
0.0005994841
0.0006084596
0.0006134817
0.0006108803
0.0005988753
0.0005834511
0.0005566486
0.0005223706
0.000483246
0.0004365654
0.0003869452
0.0003301436
0.0002729481
0.0002113801
0.0001492695
8.694617E-05
2.411319E-05
-3.851711E-05
-0.0001017309
-0.0001624515
-0.0002209143
-0.0002759619
-0.0003303893
-0.0003806031
-0.0004288854
-0.0004743097
-0.0005165932
-0.0005544021
-0.0005894715
-0.0006232182
-0.0006509776
-0.0006793644
-0.0007044189
-0.0007299508
-0.0007536695
-0.0007777709
-0.0008025019
-0.0008287728
-0.0008566889
-0.0008848332
-0.0009138457
-0.0009433655
-0.0009749591
-0.001006351
-0.001037229
-0.001070775
-0.001102123
-0.001129399
-0.00115706
-0.001181809
-0.001205682
-0.001227404
-0.001249357
-0.001266909
-0.001288016
-0.001304581
-0.001319539
-0.001334229
-0.001345349
-0.001356831
-0.001361286
-0.001367277
-0.001365424
-0.001362329
-0.001360021
-0.001348117
-0.001337668
-0.001322405
-0.001307689
-0.001286766
-0.001264772
-0.001241123
-0.001212531
-0.001181839
-0.00114764
-0.001113278
-0.001074441
-0.001034184
-0.0009929991
-0.000948927
-0.0009052163
-0.000861116
-0.0008148935
-0.0007695464
-0.0007247005
-0.0006802829
-0.0006374429
-0.0005951191
-0.000553227
-0.0005135008
-0.0004722212
-0.0004333017
-0.0003945264
-0.0003565552
-0.0003198632
-0.0002836661
-0.0002469086
-0.0002143974
-0.0001818582
-0.0001521779
-0.0001246653
-0.0001002673
-8.032641E-05
-6.156283E-05
-4.474972E-05
-2.940244E-05
-1.863207E-05
-7.83395E-06
4.447526E-06
9.36313E-06
1.490675E-05
2.09914E-05
2.075832E-05
2.409337E-05
2.237422E-05
2.311875E-05
2.070737E-05
1.838927E-05
1.516918E-05
1.060785E-05
4.369257E-06
-3.604413E-06
-7.562734E-06
-1.580885E-05
-1.994294E-05
-2.180655E-05
-2.515049E-05
-2.609912E-05
-2.99857E-05
-2.518369E-05
-2.67142E-05
-2.49437E-05
-2.211801E-05
-2.206939E-05
-2.137466E-05
-2.000709E-05
-2.126993E-05
-2.375329E-05
-2.385315E-05
-2.857057E-05
-3.134965E-05
-3.064655E-05
-3.677453E-05
-3.914156E-05
-4.027081E-05
-4.384211E-05
-4.909107E-05
-5.453446E-05
-6.171962E-05
-7.148225E-05
-8.543096E-05
-9.887475E-05
-0.0001169563
-0.0001368938
-0.0001583645
-0.0001834455
-0.0002100118
-0.0002402318
-0.000269563
-0.0002976004
-0.0003274227
-0.0003544038
-0.0003819356
-0.0004053788
-0.0004281861
-0.0004509508
-0.0004700616
-0.0004900911
-0.0005077248
-0.0005237999
-0.0005386387
-0.0005521561
-0.0005653992
-0.0005766419
-0.0005872505
-0.0005953822
-0.0006026564
-0.0006088808
-0.000614482
-0.0006175241
-0.00061924
-0.0006214736
-0.0006228324
-0.0006242046
-0.0006249638
-0.0006216404
-0.0006256433
-0.0006287115
-0.0006309507
-0.0006367863
-0.0006399709
-0.0006470347
-0.0006515988
-0.0006541364
-0.0006581185
-0.0006606756
-0.0006643597
-0.0006645761
-0.0006639788
-0.0006587784
-0.0006566011
-0.0006563705
-0.0006555742
-0.0006533551
-0.0006491951
-0.0006495843
-0.0006481859
-0.0006503321
-0.0006483857
-0.0006486643
-0.0006480464
-0.0006442243
-0.0006404777
-0.0006359593
-0.0006314582
-0.000626133
-0.0006221008
-0.0006180292
-0.0006127526
-0.000604952
-0.000599944
-0.0005939111
-0.0005876624
-0.0005817831
-0.000573564
-0.0005624899
-0.000549188
-0.0005340214
-0.0005171921
-0.0005013606
-0.0004835963
-0.0004649982
-0.0004486794
-0.0004328491
-0.0004197084
-0.0004073438
-0.0003932378
-0.0003836531
-0.0003717452
-0.000364142
-0.0003540209
-0.0003464828
-0.0003370073
-0.0003294293
-0.0003215935
-0.0003134265
-0.0003044737
-0.0002963961
-0.0002901425
-0.0002847236
-0.0002779906
-0.0002743451
-0.0002694839
-0.0002704615
-0.0002683277
-0.0002711017
-0.0002690947
-0.0002680802
-0.0002694292
-0.0002650019
-0.0002642696
-0.0002579061
-0.0002552917
-0.0002474511
-0.0002443444
-0.0002410264
-0.0002335902
-0.0002327002
-0.0002310788
-0.000230559
-0.000231907
-0.0002327513
-0.0002317209
-0.0002323363
-0.0002323578
-0.0002296037
-0.0002265142
-0.0002267811
-0.0002238279
-0.0002193008
-0.0002205696
-0.0002184699
-0.0002155375
-0.0002173453
-0.0002164004
-0.0002161945
-0.0002200979
-0.0002263011
-0.0002324161
-0.0002363331
-0.0002414537
-0.0002520619
-0.000258068
-0.0002639624
-0.000274791
-0.0002819489
-0.000292461
-0.0003026757
-0.0003133979
-0.0003261317
-0.0003397704
-0.0003536368
-0.0003664635
-0.0003805856
-0.0003914857
-0.0004065171
-0.0004173551
-0.0004272055
-0.0004374092
-0.0004433643
-0.0004508886
-0.0004583737
-0.0004670733
-0.0004728929
-0.0004822144
-0.000487866
-0.0004963193
-0.000500821
-0.0005085705
-0.0005145032
-0.0005169269
-0.0005220924
-0.0005258847
-0.0005309735
-0.0005295775
-0.0005323493
-0.0005325116
-0.0005357584
-0.0005364656
-0.0005347423
-0.0005384179
-0.0005400677
-0.0005396943
-0.0005445285
-0.0005451284
-0.0005480954
-0.0005484261
-0.0005501784
-0.0005490947
-0.0005484507
-0.0005471711
-0.0005465709
-0.0005435654
-0.0005406525
-0.0005370657
-0.000533504
-0.0005318644
-0.0005282571
-0.000525828
-0.0005210902
-0.0005144867
-0.0005075881
-0.0005022707
-0.0004940249
-0.0004872312
-0.0004794314
-0.0004700111
-0.0004602354
-0.0004506191
-0.0004412408
-0.0004329714
-0.0004226522
-0.0004123612
-0.000405282
-0.0003959165
-0.0003861372
-0.0003781398
-0.0003681406
-0.000358359
-0.0003507019
-0.0003411218
-0.0003334183
-0.0003250247
-0.0003195286
-0.0003119916
-0.000309021
-0.0003052623
-0.0003039392
-0.0003023167
-0.0002988126
-0.0002971542
-0.0002939569
-0.000296156
-0.0002918602
-0.000292261
-0.0002926743
-0.0002886411
-0.000288772
-0.0002909513
-0.0002928636
-0.0002951254
-0.0002989214
