9.477243E-06
-2.038447E-06
-2.68596E-05
-1.713991E-05
-4.338535E-05
-2.931182E-05
-3.811421E-05
-2.899103E-05
6.305062E-06
9.568532E-06
2.044605E-05
2.926434E-05
8.981441E-05
0.0001438473
0.0002410253
0.0003496516
0.0004707203
0.0006156501
0.0007804407
0.0009775033
0.001188413
0.001427312
0.001644591
0.00191224
0.002161954
0.002412687
0.002698277
0.002947229
0.003199962
0.003468536
0.00372972
0.003999055
0.004261144
0.004541697
0.004808554
0.005036057
0.005303062
0.005561154
0.00575956
0.006004448
0.006231084
0.006443169
0.006631021
0.006781626
0.006926712
0.007019107
0.007105309
0.007184028
0.00720804
0.007198435
0.007201754
0.007123056
0.007019781
0.006896296
0.00674976
0.006559416
0.006330712
0.006069663
0.005764061
0.005432919
0.005076948
0.004686246
0.004288973
0.003883491
0.003448084
0.003042449
0.002651775
0.002249882
0.001852
0.00149088
0.001152929
0.0008331034
0.0005117984
0.0001830515
-0.0001468113
-0.0005131993
-0.0008670703
-0.001240325
-0.001624152
-0.002027261
-0.002476353
-0.002941835
-0.003383597
-0.003855563
-0.004284592
-0.00465885
-0.005027658
-0.005332396
-0.005610872
-0.0058302
-0.005962702
-0.006039569
-0.006051322
-0.005982251
-0.005866748
-0.005649146
-0.005398309
-0.005016673
-0.004574869
-0.004066326
-0.003482912
-0.002866081
-0.002186499
-0.001522186
-0.0008352404
-0.000166049
0.0004861824
0.001101932
0.001657094
0.002120934
0.002531294
0.002817706
0.003025667
0.003118857
0.00308858
0.002999021
0.002788812
0.002548288
0.002207589
0.001824211
0.001406292
0.0009749345
0.0005559225
0.0001220605
-0.0003023432
-0.0007020361
-0.001074365
-0.00136787
-0.001638545
-0.001806623
-0.001907152
-0.00187216
-0.001733362
-0.001485526
-0.001103396
-0.0006057165
4.584452E-06
0.0007099728
0.001508839
0.002349328
0.003223737
0.004130247
0.005067429
0.005966034
0.006815569
0.007629278
0.008358173
0.009043338
0.009611556
0.01008682
0.01044279
0.01071176
0.01083771
0.01086348
0.01073376
0.01052218
0.01014854
0.009662107
0.00907539
0.008352805
0.007525654
0.006637296
0.005665893
0.004630184
0.003530824
0.002380741
0.001209171
-4.611248E-07
-0.001203418
-0.002389141
-0.003564207
-0.004700016
-0.00580082
-0.006859395
-0.007882386
-0.008816076
-0.009698514
-0.01048935
-0.01123021
-0.01189457
-0.01247957
-0.01294394
-0.01327041
-0.01350195
-0.01360203
-0.01363875
-0.01361307
-0.01349743
-0.01329637
-0.01307968
-0.01282725
-0.01252668
-0.01220289
-0.01186667
-0.01152896
-0.01120743
-0.01092436
-0.01063873
-0.01039482
-0.01015211
-0.009942035
-0.00978359
-0.009583305
-0.009431434
-0.009268256
-0.00912904
-0.008987162
-0.008825649
-0.008684631
-0.008519794
-0.008321748
-0.008042661
-0.007682131
-0.007256231
-0.006737735
-0.006153665
-0.005535432
-0.004887126
-0.004208469
-0.003490903
-0.002794195
-0.002105785
-0.001389699
-0.0006757453
8.264991E-05
0.0008603984
0.001620321
0.002431949
0.003251897
0.004039597
0.00482478
0.005564398
0.006270556
0.006882119
0.007408599
0.007843371
0.008197946
0.008510849
0.008875157
0.009278278
0.00978634
0.0103761
0.01104156
0.01176237
0.01252854
0.01336088
0.01423085
0.01503468
0.01576086
0.01637751
0.01685837
0.01716035
0.01735235
0.01739203
0.01733414
0.0170976
0.01672308
0.01619982
0.01548214
0.01473643
0.01398404
0.01327354
0.01265719
0.01208871
0.0115836
0.01119992
0.01096333
0.01084053
0.01083067
0.01093512
0.01119029
0.0115811
0.01214125
0.01269086
0.01323732
0.01370199
0.01410272
0.01444276
0.01469039
0.01486048
0.01496719
0.01505758
0.0150187
0.01485007
0.01446678
0.01390018
0.01311961
0.0121511
0.01099774
0.009669736
0.008188591
0.006590498
0.004924856
0.003254442
0.001612447
4.550531E-05
-0.001427959
-0.002783161
-0.004065734
-0.005319049
-0.006524634
-0.007696327
-0.008841948
-0.009879066
-0.01081213
-0.01163825
-0.01237496
-0.0130571
-0.0136872
-0.01430735
-0.01485726
-0.01541105
-0.0159064
-0.01638001
-0.01681054
-0.01715012
-0.01742053
-0.01760352
-0.01776155
-0.01783873
-0.01792475
-0.01796123
-0.01795242
-0.01796654
-0.01792636
-0.01791895
-0.01792742
-0.01788738
-0.01781746
-0.01766997
-0.01748152
-0.01721949
-0.01694195
-0.01665409
-0.01642912
-0.01630934
-0.0163038
-0.01638762
-0.01657178
-0.01694051
-0.01742657
-0.01805951
-0.01884629
-0.01971871
-0.0206912
-0.02173093
-0.02283764
-0.02394086
-0.02512959
-0.02631662
-0.02746231
-0.02858759
-0.02963878
-0.03059012
-0.03142823
-0.03211392
-0.03262896
-0.03290793
-0.03299796
-0.03286911
-0.03250061
-0.03183148
-0.03085841
-0.02959609
-0.02807312
-0.02631317
-0.02433315
-0.02215974
-0.01983497
-0.01741855
-0.01498077
-0.01255268
-0.01018819
-0.007898419
-0.005744578
-0.003694532
-0.001810719
-5.634034E-05
0.001559663
0.003038493
0.004412228
0.005688621
0.006860086
0.007954057
0.008991664
0.009945824
0.0108357
0.0116354
0.01236792
0.01304608
0.01370536
0.01436351
0.01501864
0.01571656
0.01645445
0.01729176
0.01819476
0.01918557
0.02026564
0.02141722
0.02261331
0.0238634
0.02512016
0.0263874
0.0275901
0.02874527
0.02983688
0.03088089
0.03187422
0.03279588
0.03359947
0.03429584
0.0348567
0.03529064
0.03556727
0.03567666
0.0356143
0.03535709
0.03494789
0.03434014
0.03354371
0.03259011
0.03149637
0.03024958
0.02890882
0.0274146
0.02580956
0.02413459
0.02239376
0.0206264
0.01884795
0.01707514
0.01531714
0.01359926
0.01187324
0.01017041
0.008471156
0.006775414
0.005086358
0.003389379
0.001686796
-1.388941E-05
-0.001697211
-0.00333138
-0.004925095
-0.006433927
-0.007866308
-0.009217098
-0.0104887
-0.01167297
-0.01277278
-0.01381949
-0.01479319
-0.0157129
-0.01654242
-0.01731581
-0.01801129
-0.01864229
-0.01918063
-0.01964494
-0.02002012
-0.02030883
-0.02049307
-0.02062286
-0.02063336
-0.02059263
-0.02043097
-0.02013215
-0.01975016
-0.01918277
-0.0184604
-0.01764342
-0.01664794
-0.01552871
-0.01427819
-0.0129707
-0.01158939
-0.01018843
-0.008764577
-0.007347836
-0.005969127
-0.004656473
-0.00343664
-0.002342846
-0.001378853
-0.0005689508
5.886406E-05
0.0004586082
0.0006364344
0.0006264791
0.0003853202
-5.748464E-05
-0.0007426387
-0.001611774
-0.002653903
-0.003874636
-0.005221451
-0.006670251
-0.00822072
-0.009827982
-0.01143159
-0.01304347
-0.01462156
-0.01612733
-0.01752814
-0.01882988
-0.0200029
-0.02104508
-0.0219696
-0.02276145
-0.0234088
-0.02389811
-0.02421735
-0.02438221
-0.02440125
-0.02426175
-0.0239518
-0.023464
-0.02279792
-0.02196678
-0.02098574
-0.01985596
-0.01860586
-0.0172674
-0.01587225
-0.01445258
-0.01303657
-0.01166601
-0.01033538
-0.009097516
-0.007932811
-0.006853146
-0.005854821
-0.004978977
-0.004203367
-0.003525637
-0.00296512
-0.002512781
-0.00221136
-0.002032454
-0.002016848
-0.002188161
-0.002501429
-0.002982356
-0.003607281
-0.004331328
-0.005147368
-0.006024017
-0.006954646
-0.007906877
-0.008822142
-0.009656454
-0.01044174
-0.01110967
-0.01164497
-0.0120565
-0.01227235
-0.01230502
-0.01214663
-0.01175016
-0.01113857
-0.01028185
-0.009193067
-0.007883361
-0.006351325
-0.004616953
-0.002680201
-0.0005593047
0.00173857
0.004188326
0.006723511
0.009363806
0.01203465
0.01473861
0.0174151
0.0200731
0.02265958
0.02513955
0.02746682
0.02966002
0.03170675
0.03362121
0.03537818
0.03696039
0.03839864
0.03966698
0.04080895
0.04180851
0.04272228
0.04351463
0.0441915
0.04474256
0.04516875
0.04547961
0.04567196
0.04573422
0.0456866
0.0455237
0.04526306
0.04492809
0.04451351
0.04403919
0.04350242
0.0429154
0.042295
0.04164733
0.04094242
0.04016031
0.03928356
0.03833433
0.03728448
0.03614446
0.03490891
0.03356681
0.03215662
0.03073168
0.02929995
0.02790814
0.02651357
0.02513757
0.02374276
0.02230857
0.0208516
0.01935437
0.01786116
0.01636977
0.01487654
0.01342196
0.01198489
0.0105847
0.009236082
0.007976319
0.006802074
0.005680385
0.004616025
0.003621235
0.002709881
0.001832238
0.0009825664
0.000120432
-0.0007088307
-0.001567626
-0.002418434
-0.003312991
-0.004224579
-0.00519489
-0.006218664
-0.007287093
-0.008380938
-0.009485723
-0.01065009
-0.01188042
-0.01318044
-0.01458995
-0.01611221
-0.01772418
-0.01942152
-0.02120259
-0.02304003
-0.02493858
-0.02685326
-0.02878104
-0.03069697
-0.03257409
-0.03436073
-0.03605762
-0.03763151
-0.03910078
-0.04042611
-0.04161811
-0.04265009
-0.04352205
-0.04423755
-0.04479873
-0.04519819
-0.04544065
-0.04553371
-0.04550229
-0.04529476
-0.04495623
-0.04447934
-0.04385661
-0.04310096
-0.0422436
-0.0413034
-0.04024932
-0.03909938
-0.03786753
-0.03657833
-0.03526319
-0.0339163
-0.03254022
-0.03114791
-0.02974313
-0.02831094
-0.02683547
-0.02530756
-0.02379254
-0.02227143
-0.02074399
-0.01921454
-0.01763165
-0.01605242
-0.01445452
-0.01285816
-0.01121373
-0.009575675
-0.007914813
-0.006273347
-0.004639028
-0.003042637
-0.001485129
3.364871E-05
0.001521417
0.002944063
0.004285572
0.005531628
0.006630922
0.00760117
0.008397139
0.009056752
0.009539567
0.009863708
0.01003373
0.0100608
0.009898442
0.009621962
0.009228215
0.008681232
0.00801564
0.007296092
0.006505063
0.00576273
0.004998119
0.004253448
0.003585499
0.002995084
0.002494887
0.002135307
0.001902284
0.00176659
0.001800991
0.002013955
0.002383412
0.002939462
0.003682269
0.004615609
0.005722886
0.006972102
0.008362549
0.009873076
0.01149422
0.01318629
0.01490149
0.01667978
0.01846595
0.02023176
0.0219698
0.02367332
0.0253472
0.02699008
0.02858849
0.03015011
0.03165589
0.03308944
0.03444375
0.03571511
0.03688508
0.03793531
0.03887143
0.03970676
0.04043881
0.04105295
0.04154662
0.04192327
0.04219104
0.04234628
0.04241364
0.04242737
0.04235857
0.04222617
0.04200442
0.0417095
0.04135079
0.04094182
0.04047056
0.03992665
0.03929065
0.03859459
0.03782981
0.03704152
0.03620502
0.03538235
0.03458965
0.03386749
0.03317073
0.03251552
0.03192246
0.03137788
0.03090431
0.03052839
0.03021869
0.02998919
0.02978306
0.02962229
0.02949958
0.02936342
0.02926927
0.02915628
0.02909168
0.02898924
0.02891173
0.02880511
0.0286765
0.02854011
0.02837719
0.02818667
0.02796323
0.02767802
0.0273224
0.02687839
0.02633039
0.02567977
0.02490627
0.02398465
0.0229548
0.02177407
0.0204237
0.01893972
0.01730631
0.01556172
0.01369992
0.01172177
0.009641378
0.00747134
0.005191357
0.002804717
0.0003411336
-0.002169547
-0.004717061
-0.00730484
-0.009897275
-0.01249162
-0.01502991
-0.01751238
-0.01994894
-0.02230537
-0.02454797
-0.02666739
-0.02863049
-0.03043031
-0.03205811
-0.03353288
-0.03484299
-0.03600182
-0.03701901
-0.03789379
-0.03863605
-0.03925868
-0.03976414
-0.04017172
-0.04052479
-0.04077512
-0.04099019
-0.04111642
-0.04123076
-0.04129381
-0.04134038
-0.04137583
-0.04140399
-0.04141608
-0.04144642
-0.0414869
-0.0415383
-0.04161208
-0.04173808
-0.04187988
-0.04207995
-0.04231596
-0.04253375
-0.04274919
-0.04292804
-0.04310796
-0.04323321
-0.04328553
-0.04327191
-0.04318454
-0.04304609
-0.04283087
-0.04255482
-0.04222262
-0.0418484
-0.04144465
-0.04105593
-0.04068371
-0.04031616
-0.03997944
-0.03965068
-0.03933483
-0.039055
-0.03876629
-0.03850029
-0.03821001
-0.0379039
-0.0375634
-0.03720794
-0.03684511
-0.03645771
-0.03604968
-0.03564337
-0.03520559
-0.03477945
-0.03432901
-0.03387735
-0.03339713
-0.03288017
-0.03236645
-0.03178723
-0.03117611
-0.03052753
-0.02981926
-0.02908824
-0.02827791
-0.02740261
-0.02648523
-0.02551305
-0.02451024
-0.02346891
-0.02240562
-0.0212941
-0.02015588
-0.01900738
-0.01783168
-0.0166479
-0.01543122
-0.01418502
-0.01292282
-0.01162364
-0.01030048
-0.008967732
-0.007606254
-0.006256153
-0.004933325
-0.003646967
-0.002427327
-0.001266788
-0.0002098811
0.0007666872
0.001639659
0.00244601
0.003172798
0.003844661
0.004460625
0.00506616
0.005623945
0.006159539
0.006680904
0.007165147
0.007620053
0.00805658
0.008511708
0.008989257
0.009500533
0.01002936
0.01063775
0.01130528
0.01205109
0.01291085
0.01387366
0.01496518
0.01619196
0.01752308
0.0189691
0.0205261
0.02215206
0.02379058
0.02547342
0.02716117
0.02886306
0.0305448
0.03221725
0.03383165
0.03540241
0.03691956
0.03833199
0.03967089
0.04093708
0.04214219
0.04324535
0.04429948
0.04530106
0.04625879
0.04717252
0.04806602
0.04891353
0.04974592
0.05054266
0.05130678
0.05208523
0.05284144
0.05359661
0.05436161
0.05510425
0.05590184
0.05666242
0.05746553
0.05824349
0.0590449
0.0598052
0.06053386
0.06122275
0.0618291
0.06233534
0.06272569
0.06298847
0.06307807
0.06300383
0.06275124
0.0623154
0.06169084
0.06088291
0.05987388
0.05868505
0.05732019
0.05579958
0.05413761
0.05231055
0.0503755
0.04832878
0.04622207
0.04405121
0.04186373
0.03964841
0.03742868
0.03524062
0.03308042
0.03099021
0.02897308
0.02706251
0.02522178
0.02348523
0.02186534
0.02038001
0.01899986
0.01773429
0.01657089
0.01551861
0.01455086
0.01366615
0.01282597
0.01205389
0.01125227
0.01045421
0.009584257
0.008643933
0.00758421
0.006378494
0.005027953
0.003502814
0.001784793
-0.0001476432
-0.002271619
-0.00460225
-0.007129665
-0.009834878
-0.01271825
-0.01573415
-0.01888912
-0.02214146
-0.02546971
-0.02885736
-0.03227209
-0.03568676
-0.0390437
-0.04235338
-0.04561617
-0.04877483
-0.05183626
-0.05473999
-0.05749378
-0.06007445
-0.06248349
-0.06470953
-0.06674948
-0.06859253
-0.07019901
-0.07158653
-0.07275777
-0.07369664
-0.07441548
-0.07493532
-0.07523318
-0.07535015
-0.07527746
-0.07501057
-0.07459946
-0.073971
-0.07320129
-0.07225576
-0.07119126
-0.07002424
-0.06875511
-0.06742843
-0.06603833
-0.06461224
-0.06319411
-0.06174724
-0.06032952
-0.05892624
-0.05754669
-0.05616698
-0.05479926
-0.05340892
-0.05199186
-0.05056413
-0.04907865
-0.04757905
-0.04602009
-0.04437935
-0.04270316
-0.04094059
-0.03912975
-0.03724542
-0.03528326
-0.03325406
-0.03115802
-0.02896909
-0.02670031
-0.02433133
-0.0218845
-0.01935589
-0.01675521
-0.0141001
-0.01138335
-0.008628638
-0.005854504
-0.00305293
-0.0002181971
0.002599997
0.00542408
0.008224446
0.01100886
0.0137571
0.01645961
0.01910276
0.02171173
0.02423576
0.02671214
0.02911926
0.03143357
0.03366963
0.03582893
0.03788595
0.03985039
0.04170074
0.04343272
0.045031
0.04650421
0.04786077
0.049094
0.05022446
0.05124404
0.05217144
0.05298915
0.05372436
0.05434743
0.05485398
0.05529361
0.05562389
0.05585133
0.05597926
0.05598839
0.05589807
0.05568272
0.05536466
0.05491775
0.05437434
0.05372555
0.05298205
0.05214235
0.05121564
0.05023927
0.04914625
0.0479909
0.04675707
0.0454295
0.04405794
0.04261447
0.04107675
0.03945347
0.03779092
0.03604188
0.03422568
0.03237435
0.03048034
0.02857359
0.02661493
0.02467585
0.02271914
0.02076384
0.01883223
0.01690315
0.01498362
0.01306837
0.01113218
0.009206543
0.007281788
0.005375976
0.003461314
0.001576364
-0.0002924254
-0.002129101
-0.00393399
-0.005710691
-0.007479325
-0.009202751
-0.01087404
-0.01253701
-0.01414751
-0.015732
-0.01730343
-0.01886192
-0.02038324
-0.02190825
-0.02337787
-0.02479625
-0.02618794
-0.02751315
-0.02879469
-0.03000117
-0.03110139
-0.03213778
-0.03307301
-0.03390734
-0.03466854
-0.03534303
-0.03594899
-0.03649675
-0.03698172
-0.03741791
-0.03782821
-0.03822215
-0.03857408
-0.03891036
-0.03920279
-0.03947286
-0.03971852
-0.03992721
-0.04011865
-0.04027384
-0.04040539
-0.04051325
-0.04062123
-0.04072922
-0.04083334
-0.04091934
-0.04099874
-0.04106675
-0.04109693
-0.04108131
-0.04102114
-0.04088955
-0.04068854
-0.04039277
-0.04000568
-0.03951377
-0.03891152
-0.03818563
-0.03735883
-0.03639694
-0.03532071
-0.03410954
-0.03276207
-0.03130546
-0.02969994
-0.0280025
-0.02618412
-0.02425701
-0.02227137
-0.02019524
-0.01808036
-0.01593025
-0.0137814
-0.01164151
-0.009530913
-0.007461548
-0.005471165
-0.003558416
-0.001768778
-7.996751E-05
0.001490223
0.002910373
0.004193333
0.005344142
0.006366958
0.007267952
0.008048652
0.008727195
0.00931187
0.009822949
0.01025069
0.0105989
0.01088122
0.01114233
0.01133358
0.01151596
0.01166726
0.01180753
0.01196052
0.01212053
0.0123171
0.01257713
0.01289677
0.01330544
0.01380325
0.01440598
0.01511584
0.01594138
0.01685882
0.01787578
0.01899155
0.02014933
0.02139886
0.02269142
0.0239998
0.02534183
0.02669487
0.02803926
0.02934329
0.03061121
0.03181079
0.03293347
0.0339637
0.03488147
0.03568305
0.03634273
0.03687252
0.03721366
0.03743005
0.03746847
0.03736572
0.03711358
0.03670078
0.03614736
0.03548298
0.03471955
0.03384705
0.03289594
0.03189151
0.03083697
0.02973401
0.02861174
0.0274744
0.02632549
0.0251933
0.02407791
0.0229868
0.02193215
0.02093491
0.02001289
0.01913274
0.0183068
0.01759447
0.01694781
0.01639329
0.01591728
0.01555036
0.01525529
0.01505062
0.01488845
0.01475888
0.0146701
0.01460082
0.01455671
0.01446852
0.01439516
0.01430332
0.01418232
0.01402511
0.01383777
0.0136222
0.01337569
0.01310532
0.01279832
0.01246879
0.01212901
0.01174481
0.01134929
0.01091549
0.01043953
0.009940839
0.009399235
0.008847888
0.008264383
0.007674437
0.007089385
0.006501833
0.005953477
0.005420838
0.004951131
0.004524095
0.004175727
0.003896735
0.003673187
0.003511602
0.003381758
0.003330472
0.003325609
0.003370999
0.003466919
0.003591076
0.003730522
0.003904185
0.004106343
0.00433083
0.004542381
0.004768784
0.004974929
0.005192254
0.005359556
0.005501601
0.005600503
0.005678555
0.005680358
0.005668193
0.005601827
0.005497076
0.005343899
0.005171537
0.004975002
0.004762417
0.004553631
0.004350361
0.004156089
0.003997759
0.003856783
0.003767101
0.003720063
0.00370613
0.003757989
0.003807925
0.003900035
0.004013829
0.004149251
0.004286141
0.00442296
0.004547554
0.004664432
0.004772667
0.004867439
0.004919969
0.00492114
0.004895843
0.004797863
0.004615637
0.004370804
0.004037776
0.003587335
0.003043198
0.002394388
0.001675631
0.0008406053
-5.906477E-05
-0.001024807
-0.002038516
-0.003104082
-0.004171032
-0.005308365
-0.006417691
-0.007596518
-0.008737552
-0.009897823
-0.01104974
-0.01217751
-0.01328785
-0.01438341
-0.01544851
-0.01647354
-0.01746542
-0.01842484
-0.01933022
-0.02015343
-0.02093852
-0.02164635
-0.02228462
-0.02284434
-0.02331894
-0.02372304
-0.02407121
-0.02432271
-0.02452172
-0.02466696
-0.02476789
-0.02479903
-0.02479286
-0.02476133
-0.02468775
-0.02461081
-0.0244919
-0.02435856
-0.02420935
-0.02404485
-0.02388238
-0.02373607
-0.02358873
-0.02346006
-0.02332829
-0.0232193
-0.02312379
-0.02301472
-0.02292934
-0.02282097
-0.02270499
-0.02258443
-0.02244235
-0.02226442
-0.02205863
-0.02181551
-0.02154877
-0.02120757
-0.02086356
-0.02043684
-0.01998253
-0.01946506
-0.01891861
-0.01830926
-0.01764469
-0.0169292
-0.01617186
-0.01538169
-0.01454562
-0.01366903
-0.01275942
-0.0118126
-0.01082968
-0.009823672
-0.008806051
-0.007744192
-0.006679627
-0.005588996
-0.004501119
-0.003384151
-0.002275522
-0.001144418
-1.240805E-05
0.001107033
0.002229851
0.003346962
0.004452036
0.005548387
0.006627763
0.007696304
0.008740002
0.009761102
0.01076125
0.01173459
0.01267949
0.0135913
0.01446542
0.01531832
0.01612427
0.01689649
0.01764481
0.01832715
0.01898464
0.01960455
0.02018743
0.0207397
0.02124854
0.02172391
0.0221659
0.02257013
0.0229366
0.02329077
0.02362562
0.02392787
0.02421148
0.02446796
0.02472214
0.02495883
0.0251704
0.02538327
0.02557633
0.0257531
0.0259135
0.02606669
0.0262146
0.02632341
0.02642693
0.02650716
0.02654943
0.02657478
0.02656614
0.02651387
0.0264334
0.02630861
0.02613329
0.02591746
0.02566107
0.02536708
0.02500097
0.02461672
0.02418776
0.02371385
0.02319284
0.02264912
0.02206766
0.02145976
0.0208251
0.02016567
0.01948725
0.01879254
0.0180831
0.01734854
0.01662401
0.01587498
0.01510144
0.01434241
0.01356895
0.01278336
0.01200803
0.01123555
0.01046135
0.009664726
0.008882186
0.008099993
0.007323856
0.006569884
0.005786765
0.005025017
0.004274748
0.003536871
0.002809525
0.00208914
0.001380746
0.0006993667
1.656365E-05
-0.0006301696
-0.001269188
-0.001881261
-0.002472525
-0.00303846
-0.003602782
-0.004142703
-0.00466529
-0.005163953
-0.005663719
-0.006170839
-0.006613645
-0.00707564
-0.007541162
-0.007978871
-0.008417461
-0.008830045
-0.009262597
-0.009685302
-0.01007625
-0.01048357
-0.01085674
-0.01125008
-0.01160735
-0.01196181
-0.01229964
-0.01259566
-0.01288803
-0.01312015
-0.01335613
-0.01356005
-0.01370703
-0.01382453
-0.01388676
-0.01394762
-0.01394465
-0.01387905
-0.01378438
-0.01366291
-0.01347907
-0.01326325
-0.0130182
-0.01273488
-0.01242927
-0.01208332
-0.01174566
-0.01133908
-0.01091123
-0.01048662
-0.01006106
-0.009587891
-0.009099058
-0.008611685
-0.008097764
-0.007585496
-0.007040317
-0.006506892
-0.005957812
-0.005417832
-0.004860263
-0.004313953
-0.003748846
-0.003193878
-0.002633508
-0.002074919
-0.001526301
-0.0009823496
-0.0004455421
9.423394E-05
0.0006211216
0.001148856
0.00166816
0.002165601
0.002677539
0.00316949
0.003658848
0.004124929
0.004610761
0.005067751
0.005520821
0.00596614
0.006407067
0.006838988
0.007259545
0.007682558
0.008082309
0.008479415
0.008891512
0.009270881
0.009658432
0.01002838
0.01040422
0.010762
0.01111817
0.01147148
0.01180709
0.01212633
0.01244422
0.01273638
0.01302098
0.01328332
0.01353127
0.0137598
0.01396143
0.0141479
0.01431616
0.01445055
0.01455057
0.01464009
0.01467028
0.01470954
0.01471635
0.01468464
0.01463106
0.01456367
0.01446527
0.01433362
0.01418331
0.01402856
0.01382384
0.01361841
0.0133993
0.0131588
0.01289195
0.01259729
0.01231764
0.0120044
0.01167892
0.01135575
0.01100907
0.01066703
0.0103249
0.009960673
0.009585895
0.009232828
0.008862527
0.008499795
0.008114937
0.007744696
0.007389903
0.007004708
0.006642039
0.006247056
0.005883971
0.00553848
0.005188944
0.004844475
0.004506831
0.004187465
0.003839201
0.003551218
0.00322782
0.002931285
0.002626968
0.002361828
0.002082724
0.001818235
0.001558289
0.001310938
0.001074662
0.0008156504
0.0005957705
0.000362484
0.0001234427
-8.863292E-05
-0.0003122604
-0.0005189048
-0.0007304951
-0.0009529883
-0.001163718
-0.001341164
-0.001546702
-0.001731434
-0.001884122
-0.002055108
-0.002214843
-0.002363039
-0.002491097
-0.002608281
-0.002711356
-0.002808713
-0.002880842
-0.002936533
-0.002971502
-0.003008524
-0.002996952
-0.002986705
-0.002977228
-0.002934996
-0.002890744
-0.002824933
-0.002737599
-0.002643074
-0.002550355
-0.002438788
-0.00229673
-0.002158176
-0.002018127
-0.001865605
-0.001694262
-0.001522378
-0.001328658
-0.001135346
-0.0009250995
-0.0007172614
-0.0005002342
-0.0002718586
-4.561543E-05
0.0001817566
0.0004132352
0.0006555401
0.0008706058
0.001100253
0.001324463
0.00156112
0.001778416
0.001997124
0.002205963
0.002423688
0.002633197
0.002830995
0.003025471
0.00322326
0.003414855
0.003598311
0.003765118
0.003921619
0.004090208
0.004253924
0.004428664
0.004561602
0.00472339
0.004876979
0.005010423
0.005158534
0.005286201
0.005411902
0.005537874
0.005656219
0.005775529
0.005881446
0.005986134
0.006089018
0.006171605
0.006250592
0.006333726
0.006393763
0.006454856
0.006508433
0.006549585
0.006582295
0.006597022
0.006607688
0.006619461
0.00660348
0.006611649
0.006581212
0.006548546
0.006532443
0.006477832
0.006449907
0.006385413
0.006321575
0.006279656
0.006192659
0.006116966
0.006037362
0.005951429
0.005877567
0.005764076
0.005670161
0.005564638
0.005439012
0.005342827
0.005213797
0.005093854
0.004959082
0.004841219
0.004707958
0.004578894
0.004462004
0.004318715
0.004185415
0.004052236
0.003928271
0.003797963
0.00366782
0.003562637
0.003451754
0.003310126
0.003203712
0.003094353
0.002973844
0.002870613
0.00277387
0.002692131
0.002586072
0.002482957
0.002410532
0.002324044
0.002248548
0.002161507
0.002093496
0.002021534
0.001962805
0.00190411
0.001840206
0.001809977
0.001752463
0.001711438
0.001673526
0.001657206
0.00164736
0.001609443
0.001602376
0.001597679
0.001618069
0.001607673
0.001622581
0.001636176
0.00168268
0.001693478
0.001726583
0.001747794
0.001793282
0.001812057
0.001868474
0.001924858
0.001946659
0.001993627
0.002050332
0.002108953
0.002145
0.002208266
0.002275945
0.002337473
0.002397172
0.002463807
0.00254076
0.002588442
0.002671919
0.002751155
0.002801789
0.002896667
0.002953531
0.003024172
0.003111512
0.003187516
0.003242548
0.00334212
0.003395457
0.003458346
0.003545873
0.003607666
0.003675574
0.003725726
0.003791615
0.003828932
0.00390992
0.0039365
0.004008265
0.004032765
0.004079598
0.004127018
