-4.246367E-06
-1.145652E-05
-8.476238E-06
-1.687011E-05
-3.546643E-05
-2.65268E-05
-2.980208E-05
-5.843652E-05
-5.831957E-05
-4.182221E-05
-2.428323E-05
-9.369765E-06
3.450956E-05
7.806148E-05
0.0001394995
0.0002127111
0.0002960139
0.0003952452
0.0005019822
0.0006353972
0.000773311
0.0009064309
0.001050474
0.001163651
0.001329999
0.001474335
0.001601122
0.001717978
0.001841189
0.001982043
0.002112218
0.002242191
0.002371953
0.00252128
0.002633403
0.002742277
0.002852514
0.002960612
0.003055535
0.00314856
0.003251089
0.003327768
0.003401118
0.003443198
0.003466077
0.003471764
0.003450711
0.003405729
0.003315382
0.003212826
0.003079795
0.002926789
0.002693569
0.002461945
0.002182803
0.001888115
0.001552201
0.001211609
0.0008254188
0.0004303463
1.453271E-05
-0.0004013959
-0.0008254221
-0.00122311
-0.001631311
-0.002009061
-0.002362585
-0.002698431
-0.003016563
-0.003313704
-0.003565717
-0.003800342
-0.00403383
-0.004255492
-0.004475986
-0.004690078
-0.004909228
-0.005113056
-0.00532116
-0.005551295
-0.005757168
-0.005929975
-0.00613237
-0.006260176
-0.006350422
-0.006386181
-0.006368318
-0.006291686
-0.006117055
-0.005866806
-0.005571836
-0.005179118
-0.004704595
-0.004141466
-0.003546835
-0.002902157
-0.002182216
-0.001426455
-0.0006105688
0.0002265856
0.001089558
0.001941046
0.002789611
0.003603801
0.004383387
0.005102823
0.005772278
0.006369456
0.006873988
0.007304927
0.007638957
0.007884429
0.008033427
0.008088184
0.008043689
0.007903354
0.007723846
0.007487551
0.00718558
0.006846771
0.006468588
0.006060902
0.005645413
0.005193412
0.00472866
0.004249978
0.003735383
0.003248417
0.002727967
0.002235826
0.00174832
0.001277973
0.0008631228
0.0004823123
0.0001477438
-0.0001507673
-0.0004211592
-0.0006400385
-0.0008499355
-0.00105143
-0.001228213
-0.001407088
-0.001627289
-0.00185335
-0.002097149
-0.002387221
-0.002686746
-0.003004742
-0.003332365
-0.003651112
-0.003956112
-0.00423994
-0.004507978
-0.004745787
-0.00495658
-0.005134196
-0.005284063
-0.005410247
-0.005512678
-0.005593625
-0.005649461
-0.00571034
-0.005743967
-0.005790315
-0.005837432
-0.005882592
-0.005986989
-0.006064129
-0.006181065
-0.00629171
-0.006426963
-0.00660263
-0.006807453
-0.006998421
-0.007170004
-0.007363901
-0.007539904
-0.007683177
-0.007828667
-0.007959014
-0.008041228
-0.008054418
-0.008019733
-0.007924487
-0.00775884
-0.00752775
-0.007239856
-0.00689894
-0.006490279
-0.006033655
-0.005526412
-0.004976256
-0.00434713
-0.003726401
-0.00302079
-0.002325189
-0.001606597
-0.0008791075
-0.0001128466
0.0006615737
0.001461454
0.002287863
0.003126821
0.003981391
0.004836668
0.005702366
0.006556082
0.007382637
0.008205108
0.008989306
0.009756105
0.01049853
0.01123487
0.01194275
0.01261769
0.01321116
0.01374328
0.01417728
0.01450901
0.01470375
0.01481245
0.01474005
0.01460339
0.01435292
0.01400592
0.01360787
0.01309922
0.01255514
0.01192624
0.01124535
0.01050309
0.009707443
0.008834149
0.007891415
0.006840832
0.005763649
0.004611488
0.00345422
0.002331978
0.001272365
0.0003136309
-0.0005438909
-0.001309084
-0.001984278
-0.002561249
-0.003037415
-0.003412226
-0.003799002
-0.004173563
-0.004592155
-0.005026741
-0.005533116
-0.00612482
-0.006788347
-0.007487101
-0.008258543
-0.009130782
-0.01008275
-0.0110684
-0.01209095
-0.0130608
-0.01394217
-0.01470367
-0.01530545
-0.01576886
-0.01604205
-0.01614885
-0.01602394
-0.01576231
-0.01530302
-0.01465714
-0.01383877
-0.01284606
-0.01178094
-0.0106687
-0.009573254
-0.008476532
-0.007407064
-0.006381402
-0.005396641
-0.004422366
-0.003459678
-0.002565056
-0.001765616
-0.00108515
-0.000517195
-7.775016E-05
0.0002463878
0.0004565308
0.0005925683
0.0006546908
0.0006649462
0.0006402558
0.0006560584
0.0007028817
0.0008323353
0.001031348
0.001309705
0.001601318
0.001909852
0.002221575
0.002473081
0.002692522
0.002940591
0.003144682
0.003336492
0.003487321
0.003587282
0.003627154
0.003557556
0.003444656
0.003289044
0.003110662
0.002927116
0.002780827
0.002679576
0.002622628
0.00266091
0.002736916
0.002864905
0.003016891
0.003176947
0.003316749
0.003413962
0.003469425
0.003471048
0.003378369
0.003251821
0.003095695
0.002954049
0.002806693
0.002659813
0.002516422
0.002361803
0.00215116
0.001858409
0.001516474
0.001111939
0.0006479944
8.489579E-05
-0.0005839076
-0.001307801
-0.00210928
-0.002963091
-0.003883166
-0.004812467
-0.005780508
-0.006752962
-0.00774657
-0.008725235
-0.009673517
-0.01058399
-0.01144335
-0.01221782
-0.01290707
-0.01349207
-0.01394947
-0.01428397
-0.01445913
-0.01453264
-0.01448281
-0.01424447
-0.01382237
-0.01328967
-0.01260534
-0.01182682
-0.01093263
-0.009983988
-0.008979345
-0.007986562
-0.007029808
-0.006147497
-0.005331089
-0.00459587
-0.003970308
-0.003447534
-0.003007987
-0.002669534
-0.002373906
-0.002144219
-0.001961125
-0.001745812
-0.001542578
-0.001264059
-0.0009312186
-0.0005258253
-9.678843E-06
0.0005810714
0.001271645
0.002086272
0.003015548
0.004068143
0.005234361
0.006495023
0.00785292
0.009250333
0.01069707
0.01217808
0.01361647
0.01501592
0.01632982
0.017519
0.01856538
0.01942432
0.02007681
0.02049511
0.02070563
0.02072666
0.02055141
0.02021289
0.01969652
0.01900744
0.01815689
0.01719519
0.01610628
0.01489213
0.01356526
0.01216974
0.01068834
0.009149141
0.007528519
0.005862785
0.004154862
0.002413121
0.0006450264
-0.001143464
-0.002954333
-0.004757029
-0.006543854
-0.008283104
-0.009966199
-0.01157851
-0.01311195
-0.01455847
-0.01590629
-0.01718867
-0.01837455
-0.01949927
-0.02060558
-0.02163949
-0.02262987
-0.02357133
-0.02449642
-0.0253809
-0.02620633
-0.02696058
-0.02765908
-0.02825547
-0.02880686
-0.02925961
-0.02963885
-0.02994365
-0.03017151
-0.0302913
-0.03030312
-0.03024575
-0.03003391
-0.02971155
-0.0292542
-0.02862708
-0.02784008
-0.02689554
-0.02577031
-0.02450618
-0.02311064
-0.02158353
-0.01992355
-0.01815629
-0.01628526
-0.01431264
-0.01224074
-0.0100891
-0.007896107
-0.005643314
-0.003365648
-0.001095389
0.001139791
0.003340449
0.005471037
0.007542816
0.009527246
0.01140691
0.01316089
0.01477892
0.01628974
0.01765027
0.01883407
0.01986293
0.02069717
0.02136573
0.02185056
0.02215059
0.02226724
0.02220571
0.02197201
0.02157919
0.02105898
0.02040263
0.01961067
0.01871189
0.01775063
0.01671442
0.01562424
0.01450395
0.01334175
0.01217937
0.01101816
0.009874506
0.008716766
0.007581971
0.006484389
0.005454965
0.00448277
0.003594876
0.002738063
0.001968693
0.001280751
0.0006588073
0.0001265321
-0.0003410583
-0.0007805902
-0.001178222
-0.001556887
-0.001937211
-0.00233096
-0.002751541
-0.003232231
-0.003795229
-0.004404458
-0.005053916
-0.00576536
-0.006483417
-0.007231852
-0.007983776
-0.008725435
-0.009439168
-0.01012964
-0.01078127
-0.01142323
-0.01200842
-0.01261878
-0.01320256
-0.01376118
-0.01431219
-0.01482105
-0.01529696
-0.01570619
-0.01608538
-0.01641996
-0.01668092
-0.01689264
-0.01701279
-0.01708133
-0.01708107
-0.0170243
-0.01690822
-0.01672039
-0.01649217
-0.0161823
-0.01582259
-0.01541494
-0.01493211
-0.01438305
-0.01380525
-0.01317065
-0.01247683
-0.0117032
-0.01084229
-0.009908682
-0.008905535
-0.007829037
-0.006671335
-0.0054725
-0.004233547
-0.002972677
-0.001696501
-0.0004193551
0.0008164697
0.002008052
0.003151949
0.004253615
0.005325578
0.006361727
0.007361643
0.00832427
0.009273571
0.01017454
0.01108067
0.01195983
0.01283918
0.01369181
0.01451143
0.01529198
0.01602542
0.01673521
0.01739006
0.01796642
0.01850582
0.01898382
0.01941989
0.01980092
0.02015113
0.02043784
0.02067719
0.02088694
0.02102949
0.02110776
0.02107807
0.02095391
0.02070114
0.02031575
0.01980301
0.01913996
0.01833909
0.01740041
0.01635972
0.01528806
0.01414219
0.01294884
0.01172856
0.0104601
0.009119276
0.007738008
0.006343462
0.004944083
0.003566417
0.002211476
0.0009079009
-0.0003283829
-0.001494472
-0.002548327
-0.003537465
-0.00440375
-0.005201386
-0.00588779
-0.006491285
-0.007040915
-0.007525063
-0.007982844
-0.008430487
-0.008883517
-0.00931454
-0.0097595
-0.01021802
-0.01070412
-0.01118856
-0.01172097
-0.01221722
-0.01269435
-0.01315461
-0.01357901
-0.01399059
-0.01440066
-0.01481659
-0.01526
-0.01570191
-0.01615817
-0.0165849
-0.01703751
-0.01746152
-0.01786203
-0.01823138
-0.01858579
-0.01886528
-0.01909935
-0.01926449
-0.01934434
-0.01936198
-0.01931156
-0.01917046
-0.01895128
-0.01864488
-0.01825902
-0.0177896
-0.01724404
-0.01663354
-0.01595847
-0.01522988
-0.01444704
-0.01358646
-0.0126783
-0.01175222
-0.01077506
-0.009774512
-0.008790952
-0.007799871
-0.006814717
-0.00584414
-0.004919268
-0.00404632
-0.003213694
-0.002441596
-0.001712472
-0.001036154
-0.0003690279
0.0002761397
0.0009039823
0.00151233
0.002112705
0.002716853
0.00331388
0.003924944
0.004512659
0.005154121
0.005811001
0.006459632
0.007142845
0.007838947
0.00849646
0.00914319
0.009751552
0.01032527
0.01081866
0.01126997
0.01164481
0.01189984
0.0120551
0.01206966
0.01192921
0.01164565
0.01122059
0.01064697
0.00995886
0.009154032
0.008246589
0.007243279
0.006125482
0.00498379
0.003770179
0.002529568
0.00128518
4.307289E-05
-0.001151973
-0.002286054
-0.003376198
-0.004417291
-0.005353181
-0.006209809
-0.006992946
-0.007702272
-0.008310648
-0.008861824
-0.009325549
-0.009671893
-0.009932054
-0.01008712
-0.01014009
-0.01009818
-0.009969446
-0.00977556
-0.009526135
-0.009226969
-0.008887597
-0.008539632
-0.008136231
-0.00774116
-0.007302161
-0.006874263
-0.006420705
-0.005930054
-0.005390025
-0.004810157
-0.004169306
-0.003474979
-0.002750499
-0.001996429
-0.001216765
-0.0004228449
0.0003818987
0.001171726
0.001982983
0.002778383
0.003550978
0.004334403
0.005105648
0.005867178
0.006601565
0.007360407
0.008103518
0.008870508
0.009686628
0.01045759
0.01124096
0.01201806
0.01276679
0.01351722
0.01422021
0.01486411
0.01545181
0.01597171
0.01646654
0.01687432
0.01726517
0.0176096
0.01791727
0.01823873
0.0185312
0.01877932
0.01898859
0.01919782
0.01938758
0.01957651
0.01975707
0.01989309
0.02000044
0.0200719
0.02010127
0.0200857
0.02003944
0.01995828
0.01985529
0.01969278
0.01948867
0.01922805
0.01893212
0.01858365
0.01817298
0.0177204
0.01718418
0.01656993
0.01586513
0.01507627
0.01418393
0.01323589
0.01216454
0.01104147
0.009814673
0.008528877
0.007175711
0.00578497
0.004347421
0.002911608
0.001469016
6.057622E-05
-0.001341794
-0.002710836
-0.004079271
-0.005415518
-0.006702481
-0.007922887
-0.009111085
-0.0102554
-0.01134004
-0.01236131
-0.01334586
-0.01427169
-0.01518117
-0.0160582
-0.01686781
-0.01762376
-0.01832107
-0.01896541
-0.01958315
-0.02012743
-0.02063946
-0.0210973
-0.02151068
-0.02186911
-0.02221446
-0.02251621
-0.022786
-0.02303856
-0.02325396
-0.02347042
-0.02366864
-0.02382825
-0.02399137
-0.02413495
-0.02424436
-0.02432802
-0.024365
-0.02437299
-0.0243348
-0.02425567
-0.0241323
-0.02395603
-0.02374383
-0.02348801
-0.02318582
-0.0228135
-0.02236653
-0.02185164
-0.02127134
-0.0206367
-0.0199309
-0.01916497
-0.01837294
-0.01753213
-0.01663744
-0.01574408
-0.01483508
-0.01393102
-0.01304797
-0.01220665
-0.0113933
-0.01063957
-0.009935364
-0.009297722
-0.008678483
-0.008122623
-0.007589891
-0.007125867
-0.006682422
-0.006273952
-0.005893862
-0.00552469
-0.005196218
-0.004910273
-0.004641606
-0.00439813
-0.004193005
-0.004007782
-0.003862514
-0.003731752
-0.003630048
-0.003571698
-0.003501739
-0.003445821
-0.003384827
-0.003359765
-0.003339284
-0.003302512
-0.003272546
-0.003230039
-0.003188437
-0.003127894
-0.003089744
-0.003086181
-0.003030458
-0.003007963
-0.002953685
-0.002925474
-0.002846356
-0.002772003
-0.002683143
-0.002558393
-0.002396826
-0.002207035
-0.001984078
-0.001711252
-0.001424691
-0.001113252
-0.0007945167
-0.000504888
-0.0002553165
-5.864935E-05
6.509363E-05
0.0001172714
0.000109893
1.968793E-05
-0.0001387806
-0.0003530312
-0.0005944602
-0.0008972699
-0.001178711
-0.001499673
-0.00183629
-0.002193098
-0.00253517
-0.002892797
-0.003200559
-0.003460955
-0.003683414
-0.00383654
-0.003912691
-0.003903451
-0.003807342
-0.003585517
-0.003248481
-0.002809955
-0.002223248
-0.001541957
-0.0007625522
0.0001191344
0.001044319
0.00200348
0.00294818
0.003917954
0.004854058
0.005758539
0.006626111
0.007423591
0.008150311
0.008818238
0.009366659
0.009852028
0.01026303
0.010603
0.01089644
0.01114794
0.01139479
0.01159831
0.01183082
0.01207477
0.01234731
0.01263769
0.01296435
0.01332553
0.01373026
0.01418948
0.01467767
0.01522169
0.01578738
0.01640858
0.01708098
0.01774602
0.0184564
0.01915728
0.01980277
0.02045181
0.02101039
0.02151304
0.02189619
0.02216177
0.02229896
0.0222865
0.02211706
0.02177469
0.02129572
0.02064796
0.01984286
0.01891888
0.01786106
0.01670476
0.01547952
0.01416636
0.01279623
0.01138825
0.009957585
0.008587019
0.007231172
0.005930906
0.004683678
0.003545166
0.002471095
0.001499477
0.0006727553
-5.660715E-05
-0.0006584735
-0.0011462
-0.001515471
-0.001784252
-0.001948263
-0.002037792
-0.002071902
-0.002057653
-0.002017599
-0.001968933
-0.001955684
-0.00197596
-0.002070138
-0.002241677
-0.002513817
-0.002915733
-0.003456181
-0.004120635
-0.004925148
-0.005864276
-0.006945838
-0.008137767
-0.00943846
-0.01081421
-0.01225933
-0.01374927
-0.0152548
-0.01676995
-0.01826059
-0.01969716
-0.02106312
-0.02235615
-0.02356859
-0.02467155
-0.0256514
-0.02649504
-0.0272234
-0.02781758
-0.02830422
-0.02864608
-0.02887364
-0.02897533
-0.02895921
-0.02885893
-0.02866654
-0.02838286
-0.02804474
-0.02760786
-0.02712718
-0.02655293
-0.02594515
-0.02526665
-0.02452965
-0.02375015
-0.02294077
-0.02205477
-0.02115754
-0.02020658
-0.01920004
-0.01813091
-0.01702349
-0.01587142
-0.01470739
-0.01352865
-0.01233461
-0.01115047
-0.009986977
-0.008837058
-0.007698653
-0.006599551
-0.005537802
-0.004489119
-0.003467129
-0.002437486
-0.001387613
-0.0003371318
0.0007398269
0.001853944
0.003018513
0.004219803
0.005461015
0.006788428
0.008141407
0.009562007
0.01100624
0.01252692
0.01407318
0.01565681
0.01728346
0.0189488
0.02062821
0.02232552
0.02399677
0.02565642
0.02725109
0.02880445
0.03028358
0.03167086
0.03295586
0.03413284
0.03518314
0.03609687
0.03687029
0.03749414
0.03796312
0.03828056
0.03844894
0.03848333
0.03838462
0.0381651
0.03783388
0.0374109
0.03689291
0.03630278
0.03563238
0.03489798
0.03411221
0.033267
0.03236957
0.03142213
0.03043639
0.02943561
0.02841398
0.02737706
0.0263129
0.02524641
0.02415617
0.02304058
0.0219187
0.02070929
0.01950635
0.01823266
0.01690203
0.01551387
0.01405184
0.01252067
0.01093315
0.009285822
0.007590281
0.005835294
0.004036747
0.002209165
0.0003373933
-0.001549661
-0.003462526
-0.005402022
-0.007368901
-0.009363777
-0.01138202
-0.01343813
-0.01551574
-0.01761788
-0.01975844
-0.02191731
-0.02408964
-0.02624213
-0.0283722
-0.03046491
-0.03249486
-0.03445265
-0.03631184
-0.03806848
-0.03969932
-0.04121187
-0.04259712
-0.04385157
-0.04498056
-0.04596531
-0.04682311
-0.04754718
-0.04812941
-0.04858226
-0.04890591
-0.04911536
-0.04919482
-0.04916902
-0.04905863
-0.0488681
-0.04858849
-0.04823423
-0.04782882
-0.0473783
-0.04689006
-0.04636922
-0.04584315
-0.04527519
-0.04469179
-0.04405435
-0.04342041
-0.04273017
-0.04201034
-0.04120421
-0.04034728
-0.03941434
-0.03840671
-0.03734498
-0.036178
-0.03495847
-0.03366766
-0.03231314
-0.0309471
-0.0295382
-0.02809566
-0.02662729
-0.02515837
-0.02367125
-0.02217424
-0.02067201
-0.0191693
-0.01766632
-0.01615728
-0.01466091
-0.01313334
-0.01164145
-0.01015992
-0.008717087
-0.007271262
-0.005864202
-0.004467657
-0.003086553
-0.001703842
-0.0003277291
0.001059552
0.002465558
0.003890967
0.005368578
0.006843875
0.008355419
0.009904744
0.01147304
0.01306638
0.01466989
0.01629311
0.01792024
0.01954565
0.02115923
0.02276208
0.02433516
0.02585605
0.02732416
0.02871218
0.03000487
0.0311832
0.03222628
0.03313182
0.03387573
0.03445876
0.03486998
0.03509695
0.03516702
0.03509211
0.0348364
0.03444347
0.03391672
0.03326883
0.03251808
0.03168999
0.03080099
0.02984933
0.02888925
0.02786922
0.02689284
0.02593245
0.02497867
0.02406232
0.02317526
0.02233815
0.02151879
0.02075147
0.02000862
0.01931283
0.01862889
0.01797838
0.01736139
0.01676961
0.01620547
0.01567465
0.01517095
0.01469949
0.01424653
0.01380146
0.01337401
0.01294481
0.01249558
0.01200813
0.01151951
0.01096156
0.01037455
0.009736661
0.009021485
0.008252646
0.007409744
0.00648792
0.005488968
0.004425089
0.003297634
0.002109465
0.0008709791
-0.000421274
-0.001744079
-0.003118874
-0.004508593
-0.005913236
-0.007317202
-0.008709202
-0.01008969
-0.01141184
-0.01270261
-0.01394076
-0.01508993
-0.0161786
-0.01718649
-0.01810415
-0.01893895
-0.01968619
-0.02034477
-0.02092127
-0.02141194
-0.02181968
-0.02215307
-0.02241889
-0.02260469
-0.02273937
-0.02278945
-0.02279256
-0.02274705
-0.02265652
-0.02249802
-0.02231234
-0.02211376
-0.02187775
-0.02167015
-0.02146065
-0.02126386
-0.02111953
-0.0210066
-0.02095294
-0.02095341
-0.02100609
-0.02110607
-0.02125856
-0.02144567
-0.02164344
-0.02184069
-0.02205117
-0.0222344
-0.02238427
-0.02248548
-0.02255736
-0.02257472
-0.02252669
-0.02242712
-0.0222835
-0.02205511
-0.02176461
-0.02140526
-0.02094669
-0.02042456
-0.01979351
-0.01909531
-0.01830092
-0.01741114
-0.01643935
-0.01539344
-0.01427721
-0.01309711
-0.01188478
-0.01064329
-0.009371508
-0.008082799
-0.006796477
-0.005505667
-0.004217058
-0.002961658
-0.001713591
-0.0004902137
0.0007150146
0.001882071
0.003014786
0.004115659
0.005171009
0.00617794
0.007127161
0.008023417
0.00885241
0.009602335
0.01028032
0.01087997
0.01139167
0.0118348
0.01218383
0.01245994
0.01268806
0.01283306
0.01294441
0.01300269
0.01304192
0.01307698
0.01309592
0.01311754
0.01314482
0.01320357
0.01326486
0.01336248
0.01347325
0.01362515
0.01378042
0.01398996
0.0141955
0.01441698
0.014663
0.01491647
0.01515971
0.0153772
0.01557703
0.01572855
0.01582044
0.01582761
0.01574194
0.01555596
0.01529971
0.01491108
0.01443752
0.01384883
0.01318505
0.01242695
0.01162107
0.01078357
0.009877972
0.008943674
0.00796945
0.006984142
0.005969916
0.004956583
0.003941185
0.002916864
0.001877215
0.0008428188
-0.0001756182
-0.001185758
-0.002200188
-0.003186724
-0.004165925
-0.005126573
-0.006054859
-0.006974086
-0.007862592
-0.008738728
-0.009589132
-0.01042044
-0.01123283
-0.01204886
-0.01282107
-0.01360232
-0.01435048
-0.01509874
-0.01581722
-0.01655046
-0.01724195
-0.01791397
-0.01857055
-0.01920392
-0.01977846
-0.0203599
-0.0208714
-0.02137535
-0.02182986
-0.02226337
-0.02264788
-0.02298557
-0.02327471
-0.02351935
-0.02370493
-0.02383565
-0.02391325
-0.02391062
-0.0238692
-0.02376525
-0.02359413
-0.02334993
-0.02307273
-0.02274976
-0.0223834
-0.02199585
-0.02154439
-0.0211009
-0.02061733
-0.02014645
-0.01965419
-0.01917292
-0.01866473
-0.0181959
-0.01771121
-0.01725418
-0.01677043
-0.0163217
-0.01586248
-0.01540847
-0.01494523
-0.01448872
-0.01402872
-0.01356244
-0.01308454
-0.01259621
-0.01208704
-0.01155941
-0.01101318
-0.01044095
-0.009866865
-0.009250592
-0.008633901
-0.007978857
-0.007336401
-0.006661874
-0.005990326
-0.005294465
-0.004585974
-0.003879871
-0.003192198
-0.002512119
-0.001830864
-0.001166067
-0.0005200276
0.0001173126
0.0007240011
0.001300957
0.001854428
0.002383012
0.002882165
0.003337247
0.003771326
0.004163849
0.004528122
0.004837999
0.005088088
0.005328301
0.005520571
0.005669628
0.00577563
0.005846321
0.005900183
0.005918482
0.005872275
0.005859449
0.005809706
0.005729581
0.005668218
0.005613893
0.00554447
0.005465106
0.005385637
0.005335626
0.005320102
0.005301406
0.005304722
0.005300015
0.005346667
0.005404371
0.005484858
0.005568641
0.005698699
0.005816068
0.005951967
0.006089262
0.006223489
0.006364199
0.006495332
0.00661285
0.006701433
0.006776593
0.006819176
0.006861488
0.006840349
0.006815835
0.006754254
0.006664876
0.0065489
0.006405219
0.006233056
0.0060364
0.005812018
0.005564947
0.00528388
0.005001388
0.004686732
0.004353266
0.004007773
0.003638143
0.003260087
0.002868193
0.002473228
0.002058876
0.001613899
0.001194668
0.0007372954
0.0002852132
-0.0001717444
-0.0006295286
-0.001095854
-0.001556106
-0.002008265
-0.002459885
-0.002876373
-0.003299028
-0.003702533
-0.004092285
-0.004470132
-0.004820878
-0.005164926
-0.005489416
-0.00577511
-0.006057236
-0.006325968
-0.006564195
-0.006799172
-0.00702796
-0.007233067
-0.007456519
-0.007653279
-0.007835846
-0.008049595
-0.008249789
-0.008452724
-0.008659764
-0.00886602
-0.009087159
-0.009335878
-0.00955588
-0.009787158
-0.01001234
-0.0102518
-0.01048459
-0.01071746
-0.0109394
-0.01116855
-0.0113552
-0.01152477
-0.01169496
-0.011824
-0.01190553
-0.0119862
-0.01203144
-0.01204031
-0.01201096
-0.01196625
-0.01188633
-0.01175982
-0.01162137
-0.01144273
-0.01123498
-0.01100094
-0.01075052
-0.01045561
-0.01014596
-0.009808644
-0.00945379
-0.009083112
-0.008666674
-0.008265231
-0.007830921
-0.007397199
-0.006950459
-0.00648674
-0.006026996
-0.005560356
-0.005092931
-0.004620013
-0.0041572
-0.003686782
-0.003265501
-0.002820725
-0.002399311
-0.001980378
-0.001586493
-0.00119936
-0.0008319566
-0.0004698092
-0.0001356594
0.00017236
0.0004872306
0.0008126457
0.001070141
0.001338871
0.001608503
0.001855096
0.002097607
0.002353808
0.002561988
0.002809337
0.002999548
0.003218041
0.003431801
0.003658818
0.003860461
0.004052662
0.004272496
0.004462898
0.004651148
0.004824678
0.005027104
0.005177804
0.005348622
0.005495496
0.005668195
0.005783822
0.005920744
0.006030519
0.006155185
0.006214134
0.006306615
0.006362822
0.006374238
0.006397326
0.006391305
0.006353982
0.00630623
0.006232226
0.006134622
0.006013061
0.005869192
0.005706572
0.005532457
0.00532236
0.005096437
0.004853272
0.004587232
0.00430742
0.004013611
0.003694886
0.003368616
0.003020815
0.002669776
0.002297543
0.001926871
0.001533087
0.001156088
0.0007527779
0.0003556962
-4.43953E-05
-0.0004302903
-0.0008395886
-0.001214247
-0.001593735
-0.001980253
-0.002349098
-0.002695795
-0.003043239
-0.003377607
-0.003696467
-0.003997894
-0.004301536
-0.004566221
-0.004834585
-0.00507712
-0.005330497
-0.005546303
-0.005765636
-0.005928808
-0.006127861
-0.006297043
-0.006468464
-0.006604295
-0.006746591
-0.006860573
-0.006990226
-0.007093337
-0.00718829
-0.007270378
-0.007345327
-0.007434428
-0.007506418
-0.007575794
-0.007631361
-0.00767481
-0.007698846
-0.007734056
-0.007745903
-0.007742427
-0.007751085
-0.007732192
-0.007696618
-0.007638661
-0.007574328
-0.007489024
-0.007397817
-0.007283312
-0.007143857
-0.006981904
-0.006824492
-0.00662527
-0.006441544
-0.006210204
-0.005977307
-0.005729033
-0.005468562
-0.005200928
-0.00493201
-0.004653995
-0.0043726
-0.004077531
-0.003763866
-0.003493921
-0.003197117
-0.002901054
-0.002608968
-0.002326358
-0.002026125
-0.001741685
-0.001456172
-0.001188422
-0.0009443192
-0.0006748833
-0.0004146262
-0.0001689165
6.217432E-05
0.0002758702
0.0005062446
0.0006964763
0.0008811426
0.001075745
0.001218917
0.001390212
0.001514222
0.001643136
0.001769421
0.001872425
0.001949151
0.002062757
0.002095933
0.002173303
0.002229398
0.002264492
0.002296412
0.002311124
0.002336923
0.002354314
0.002348152
0.002354888
0.002366945
0.002353984
0.002339151
0.00235773
0.002349218
0.002320899
0.002318851
0.002254051
0.002222168
0.00219041
0.002134342
0.002073614
0.001998615
0.001948014
0.001842206
0.00174885
0.001659634
0.001555375
0.001426831
0.001286524
0.001150994
0.001013237
0.0008872751
0.0007223897
0.0005653347
0.00040047
0.0002414944
7.08079E-05
-0.0001123458
-0.0002818491
-0.0004640611
-0.000655037
-0.0008420979
-0.001012267
-0.001189605
-0.001373428
-0.001520768
-0.001695693
-0.001877235
-0.002024192
-0.002190677
-0.002328563
-0.002470544
-0.002611575
-0.002740752
-0.002873798
-0.002962303
-0.003065949
-0.003193402
-0.003270008
-0.003381271
-0.003441154
-0.003512681
-0.00357622
-0.003643498
-0.003679695
-0.003711597
-0.003735961
-0.003765234
-0.003788526
-0.003790516
-0.003803845
-0.003808927
-0.003807815
-0.003828176
-0.003810156
-0.003787587
-0.003769214
-0.003754835
-0.003723733
-0.003711185
-0.003705239
-0.00365502
-0.003617427
-0.003583869
-0.003519722
-0.003488772
-0.003419546
-0.003357679
-0.003285236
-0.003204432
-0.003117273
-0.003031272
-0.002960339
-0.002863558
-0.002783632
-0.002669934
-0.002586169
-0.002477527
-0.002372617
-0.002250748
-0.002128802
-0.002030892
-0.001930354
-0.001796161
-0.001677951
-0.001590622
-0.001458982
-0.001337332
-0.001249401
-0.001128816
-0.00101618
-0.0009094323
-0.0008167948
-0.0007395613
-0.0006545505
-0.0005898541
-0.0005225534
-0.0004408509
-0.0003817925
-0.000312546
-0.0002862229
-0.0002418409
-0.0001814869
-0.0001351597
-0.0001037434
-6.476654E-05
-4.616121E-05
-2.35953E-05
7.452578E-06
-2.828208E-06
1.241462E-05
2.349008E-05
4.189464E-05
3.450174E-05
