-2.011187E-05
8.426616E-06
-1.457937E-05
1.538701E-05
-2.814553E-05
-3.144572E-05
-7.290547E-05
-0.0001366161
-0.0002119943
-0.000319801
-0.0004400315
-0.0005805521
-0.0006371153
-0.0007373554
-0.0008928162
-0.001003959
-0.001092954
-0.001165808
-0.00125252
-0.00130435
-0.001387594
-0.00141685
-0.001483014
-0.001595258
-0.001648481
-0.001717789
-0.001789561
-0.001871594
-0.001936992
-0.001974511
-0.002079873
-0.002070075
-0.002100241
-0.002107
-0.002148394
-0.002110336
-0.002098517
-0.00206815
-0.00203704
-0.00201806
-0.001985755
-0.001914695
-0.001882978
-0.001866067
-0.001799239
-0.001753835
-0.001677354
-0.001629149
-0.00156692
-0.001485068
-0.001452578
-0.001361288
-0.001302114
-0.001239374
-0.001201424
-0.001086497
-0.001012266
-0.0009090774
-0.0007916184
-0.0006622968
-0.0004996285
-0.0003248358
-0.0001596922
5.109846E-05
0.0002332915
0.0004077233
0.0005829388
0.0006974422
0.0007819589
0.0008389892
0.000835874
0.0008066627
0.0007076707
0.0005938633
0.0004050935
0.0002449825
4.181297E-05
-0.0001785178
-0.0004377358
-0.0006733836
-0.0009324946
-0.001205067
-0.001475481
-0.001779373
-0.00211171
-0.002435782
-0.002808284
-0.003212542
-0.003601738
-0.004023602
-0.004427415
-0.004851934
-0.00520727
-0.005653295
-0.006036712
-0.00643355
-0.006782441
-0.007170904
-0.007521637
-0.007837868
-0.008193341
-0.008459148
-0.008763039
-0.009024574
-0.009222995
-0.009446168
-0.009645731
-0.009810787
-0.009964852
-0.01011833
-0.01021025
-0.01030242
-0.01032713
-0.01036148
-0.01030851
-0.0102462
-0.01011446
-0.009964855
-0.009740097
-0.009530958
-0.009294169
-0.009018799
-0.008718102
-0.008426704
-0.008155081
-0.007797706
-0.00747776
-0.007155176
-0.006804325
-0.006407797
-0.005960333
-0.005498734
-0.004983889
-0.004428719
-0.003832676
-0.003193286
-0.002508464
-0.001766671
-0.00104084
-0.0002625586
0.0005288759
0.001302577
0.002050505
0.002790598
0.003472148
0.004133197
0.004775401
0.005388663
0.006000071
0.006622768
0.007259251
0.007885634
0.008604683
0.009294414
0.01007534
0.01085943
0.01168032
0.01250595
0.01332369
0.01415002
0.01490114
0.01561567
0.0162203
0.01674115
0.01717775
0.01749193
0.01771051
0.01784162
0.0178703
0.01780355
0.01762163
0.01738723
0.01706175
0.01673378
0.01635408
0.01593761
0.01553677
0.01504636
0.01459202
0.01409034
0.01354561
0.01301487
0.01251991
0.01203647
0.01156531
0.01108944
0.01066397
0.01023515
0.009813701
0.009421815
0.009054679
0.008569179
0.008116697
0.007656552
0.00716489
0.006694444
0.006187825
0.005611522
0.00495599
0.004122639
0.003219896
0.002249094
0.00118909
8.243039E-05
-0.001089239
-0.002223632
-0.003435203
-0.004567971
-0.00567697
-0.006733606
-0.007710534
-0.008631317
-0.009503377
-0.01031708
-0.01106409
-0.01178888
-0.01246526
-0.01310935
-0.01369231
-0.01428768
-0.01485105
-0.01536731
-0.01587614
-0.01631734
-0.01670673
-0.01698414
-0.01716057
-0.01721373
-0.01708169
-0.01684403
-0.01650708
-0.01603512
-0.01540879
-0.01459365
-0.01358176
-0.01240324
-0.01110447
-0.009684599
-0.008334082
-0.00695504
-0.005700001
-0.004574956
-0.003679388
-0.003044396
-0.002713544
-0.002613544
-0.002710768
-0.003003691
-0.003439079
-0.004023076
-0.004625475
-0.005229145
-0.005761935
-0.006170677
-0.00637625
-0.006333012
-0.006082247
-0.005630971
-0.005106943
-0.004504358
-0.003884207
-0.003241121
-0.002777017
-0.002316047
-0.002049658
-0.001994619
-0.002145552
-0.002571543
-0.00321401
-0.004080709
-0.005057049
-0.00615612
-0.007277428
-0.008370931
-0.009518977
-0.01058374
-0.01159052
-0.01252137
-0.01339673
-0.01414381
-0.01483518
-0.01545572
-0.01597504
-0.01633927
-0.01658032
-0.016683
-0.01669501
-0.01651402
-0.01615977
-0.01562022
-0.01487498
-0.0139326
-0.01274243
-0.0113724
-0.009876642
-0.00824717
-0.006491798
-0.004646117
-0.002679502
-0.0005731285
0.001536348
0.003609604
0.005651989
0.007620918
0.009534035
0.01138292
0.0131588
0.01486652
0.01648007
0.01799899
0.01943234
0.02081335
0.0221355
0.02337873
0.02460884
0.02582425
0.02695724
0.02806007
0.02918362
0.03023857
0.03121562
0.03211964
0.03289586
0.03359426
0.03414865
0.03458825
0.03494129
0.03519337
0.03536525
0.03539685
0.03537362
0.03525924
0.03507774
0.03481
0.03445326
0.03400041
0.03341797
0.03265136
0.03170604
0.03064689
0.02943902
0.02808915
0.02661676
0.0250511
0.02340362
0.02171513
0.02005809
0.01842182
0.01692206
0.015503
0.01430379
0.01324217
0.01234691
0.0115645
0.01097096
0.01049427
0.01010976
0.009768702
0.009505915
0.009273767
0.009086444
0.008889046
0.008633466
0.008313694
0.007897115
0.007402303
0.006775895
0.006068682
0.005202753
0.004201163
0.003046487
0.001728939
0.0002906719
-0.00125153
-0.002805815
-0.004408406
-0.0060157
-0.007662324
-0.009334291
-0.01096658
-0.01257278
-0.01412442
-0.0156085
-0.01702276
-0.01831937
-0.01953325
-0.02066223
-0.02167954
-0.02257835
-0.02337561
-0.02405261
-0.02463233
-0.02512959
-0.02554954
-0.02592286
-0.02623768
-0.02650208
-0.02675567
-0.02699094
-0.0272067
-0.02738219
-0.02753424
-0.02767578
-0.0277794
-0.02791202
-0.02811716
-0.02831585
-0.02858444
-0.02894135
-0.02937781
-0.02989054
-0.03046806
-0.03113434
-0.03187585
-0.03264688
-0.03346919
-0.03430196
-0.03511757
-0.03590824
-0.03659142
-0.03721049
-0.03769823
-0.03808692
-0.03834242
-0.03843854
-0.03837255
-0.03809787
-0.03756145
-0.03676155
-0.0356876
-0.03428752
-0.03262068
-0.03068596
-0.02852558
-0.02612019
-0.02352215
-0.02075869
-0.01785942
-0.01482951
-0.0116527
-0.008409435
-0.005164888
-0.001912126
0.001274132
0.004359816
0.007378764
0.01032619
0.01321338
0.01596402
0.01861511
0.0211411
0.02353391
0.02572719
0.02775704
0.0296089
0.03127705
0.03273581
0.03400619
0.03506808
0.03596377
0.036682
0.03721943
0.03759326
0.03783963
0.0379754
0.03806226
0.03810438
0.03807031
0.03805025
0.03796629
0.03786102
0.03777041
0.03763346
0.0374613
0.03719487
0.03686411
0.0364419
0.03592978
0.03528929
0.03456172
0.03368451
0.03269919
0.03155795
0.03029696
0.02891541
0.0275078
0.02602384
0.02439519
0.02277341
0.02108724
0.01950611
0.01795964
0.01646844
0.01498877
0.01358917
0.01218277
0.01075234
0.009299144
0.007797738
0.006299903
0.004770429
0.003183633
0.001579973
-6.829729E-05
-0.001746981
-0.003429321
-0.005116458
-0.006857948
-0.008572147
-0.01028206
-0.01191449
-0.01350476
-0.01500812
-0.0164348
-0.01774181
-0.01895941
-0.02009181
-0.0211534
-0.02212728
-0.02300794
-0.02379104
-0.02448452
-0.02510356
-0.02565122
-0.02610126
-0.02648458
-0.02676867
-0.02695119
-0.02703938
-0.02701177
-0.02689386
-0.02667887
-0.02639545
-0.02600736
-0.02554954
-0.02498305
-0.02434964
-0.02364217
-0.0228427
-0.02189852
-0.02088081
-0.01972163
-0.01852714
-0.01725456
-0.01588258
-0.01441226
-0.01278329
-0.01112904
-0.00935765
-0.007490573
-0.005570541
-0.003666547
-0.001696921
0.0002552865
0.002205764
0.004137967
0.006010193
0.007808895
0.009502761
0.01105935
0.01247003
0.0137146
0.01479003
0.01568582
0.01637615
0.01686232
0.0171128
0.01712109
0.01688043
0.01636544
0.01561082
0.01463804
0.01346363
0.0121094
0.01058043
0.008899421
0.007067475
0.005080375
0.002964887
0.000718304
-0.001591519
-0.003951974
-0.00627355
-0.008606215
-0.01088167
-0.01311792
-0.01532197
-0.0174036
-0.01945301
-0.02140608
-0.02320235
-0.02482237
-0.02629964
-0.02766114
-0.02886113
-0.02995173
-0.0309132
-0.03174445
-0.0324294
-0.03300939
-0.03345846
-0.03379732
-0.03405501
-0.03423753
-0.03436636
-0.03440507
-0.03436635
-0.03421701
-0.03392896
-0.0335243
-0.03298433
-0.03230075
-0.03155578
-0.0307343
-0.02987437
-0.02897505
-0.02799916
-0.02693869
-0.02571135
-0.0243692
-0.02284243
-0.02118309
-0.01940577
-0.01759833
-0.01565516
-0.01373254
-0.01178507
-0.009846353
-0.007864595
-0.005882912
-0.003836804
-0.001809222
0.0001991215
0.002179912
0.004122389
0.005990636
0.007731364
0.009394403
0.01092903
0.01231835
0.01352204
0.01459103
0.01549524
0.01630611
0.01699633
0.01761773
0.01816471
0.01865611
0.01911545
0.01962386
0.02020528
0.02092013
0.02180456
0.02286113
0.02411427
0.02552317
0.02705495
0.02868771
0.03033441
0.03204486
0.0337208
0.03535477
0.03692643
0.03838373
0.039715
0.04088102
0.04187053
0.04269971
0.0433679
0.04385946
0.04417045
0.04433623
0.04435291
0.04425322
0.04404657
0.04374464
0.04335483
0.04290505
0.04244837
0.04194412
0.04136283
0.04068064
0.03987707
0.03895442
0.03788852
0.0366696
0.03531443
0.03387636
0.03226057
0.03055433
0.02869562
0.02668442
0.02450033
0.0221515
0.0196818
0.01708123
0.01436897
0.01163214
0.008855226
0.00611057
0.003442468
0.000838301
-0.001609993
-0.003926676
-0.00605721
-0.008067374
-0.009859237
-0.01153547
-0.013148
-0.01468348
-0.01612096
-0.01747666
-0.01871086
-0.01986026
-0.02086852
-0.02173067
-0.02256546
-0.02330039
-0.02403914
-0.02471386
-0.02544405
-0.02618256
-0.02693278
-0.02767859
-0.02840953
-0.0290921
-0.02973982
-0.0303112
-0.0307781
-0.03112607
-0.03136747
-0.03145171
-0.03144896
-0.03134749
-0.03115303
-0.03087202
-0.03047286
-0.02996859
-0.02934065
-0.02860824
-0.02773921
-0.02676694
-0.02570368
-0.02453518
-0.02330685
-0.02203141
-0.02067298
-0.01925842
-0.01778682
-0.01625334
-0.01469997
-0.01314847
-0.01159688
-0.01010422
-0.008667329
-0.007276823
-0.005946334
-0.004715732
-0.003594664
-0.002567405
-0.001682798
-0.0009183228
-0.0002639611
0.0002577732
0.0006520808
0.0009285612
0.001122228
0.001212644
0.001225113
0.001154901
0.001012678
0.0008110309
0.0006047625
0.000384726
0.000171812
-2.563205E-05
-0.0001949736
-0.0003287165
-0.0004584468
-0.0005740307
-0.0007047736
-0.0008454467
-0.001008154
-0.001176079
-0.00132575
-0.001523112
-0.001766446
-0.002067165
-0.002440052
-0.002869478
-0.003370388
-0.003947733
-0.004596121
-0.005299577
-0.006082521
-0.006926114
-0.007816998
-0.00876125
-0.009709044
-0.01071293
-0.01172489
-0.01275401
-0.01378637
-0.01483624
-0.01587887
-0.01692445
-0.01797328
-0.01900074
-0.01997023
-0.0208993
-0.02176147
-0.02259835
-0.02335557
-0.0241006
-0.02481251
-0.0255037
-0.02611176
-0.0266548
-0.02714916
-0.02756445
-0.02788865
-0.02812418
-0.02826222
-0.02825863
-0.02816904
-0.02801826
-0.02778397
-0.0274471
-0.02706515
-0.02664235
-0.026129
-0.02557165
-0.02495115
-0.02429547
-0.02358723
-0.02280569
-0.02193279
-0.02091997
-0.01982695
-0.01863837
-0.01734988
-0.01596995
-0.01450933
-0.01297378
-0.01135721
-0.009650268
-0.007864613
-0.006031311
-0.004131504
-0.00219523
-0.000227161
0.001750073
0.00372504
0.005768504
0.007795829
0.009860125
0.01192995
0.01398242
0.01600754
0.01798286
0.01986639
0.02170259
0.02336929
0.02496618
0.02638689
0.02771273
0.02886853
0.02999756
0.03098541
0.03185377
0.03266933
0.03337399
0.03406155
0.03469862
0.03528377
0.0359452
0.03654311
0.03725708
0.03801632
0.03874185
0.03948453
0.04017972
0.04083166
0.04146501
0.04203667
0.04253244
0.04293812
0.04322292
0.04336897
0.04334186
0.04317763
0.04288384
0.04249572
0.04199797
0.04140675
0.0407852
0.04005696
0.03930488
0.03846367
0.03755773
0.03657575
0.03552564
0.03436845
0.03315509
0.03183163
0.03046057
0.02890706
0.02724546
0.02549496
0.02368986
0.02180032
0.01991633
0.01798997
0.01608205
0.01422013
0.01237137
0.01065216
0.009009201
0.007449059
0.005994605
0.004628786
0.003342719
0.002128236
0.0009729104
-0.0001225312
-0.001181318
-0.002204908
-0.003205189
-0.004187246
-0.005169665
-0.006145018
-0.00718807
-0.00825573
-0.009367524
-0.01054109
-0.011777
-0.01309911
-0.01447393
-0.01591456
-0.01737164
-0.01887697
-0.02045173
-0.02198566
-0.02350825
-0.02498576
-0.02643033
-0.0277954
-0.02905478
-0.03022609
-0.03124928
-0.032113
-0.03282399
-0.03337115
-0.0337779
-0.03402607
-0.03419348
-0.0342216
-0.03417223
-0.03400827
-0.03376481
-0.03345345
-0.03305809
-0.03258185
-0.03204745
-0.03145064
-0.03078084
-0.03005153
-0.02923682
-0.02839455
-0.02742549
-0.02635504
-0.02525179
-0.02402305
-0.02268315
-0.02130414
-0.01984061
-0.018357
-0.01682699
-0.01532828
-0.0138669
-0.01240673
-0.01099423
-0.009656123
-0.008373405
-0.007144037
-0.00596814
-0.004854592
-0.003774259
-0.00277482
-0.001775771
-0.0008126092
0.0001924797
0.001152419
0.002139749
0.003088203
0.004058288
0.005005173
0.005936378
0.006853999
0.007708139
0.008514269
0.009294097
0.009971819
0.0105757
0.01105294
0.01142496
0.01167567
0.0117717
0.01172702
0.01153687
0.01121529
0.01074075
0.01018091
0.009517223
0.008753321
0.007915951
0.007001265
0.006024627
0.004958273
0.00380563
0.002538704
0.00123828
-0.0001551815
-0.001645704
-0.003155409
-0.004764245
-0.006380498
-0.008020983
-0.009687673
-0.01132516
-0.01292776
-0.01446143
-0.01595257
-0.01737342
-0.0187012
-0.01997441
-0.02120273
-0.02234249
-0.02342395
-0.02443825
-0.02539055
-0.02628985
-0.02710345
-0.02786608
-0.0285553
-0.02917555
-0.0296918
-0.03014665
-0.03052836
-0.03078948
-0.03100765
-0.03115646
-0.03122128
-0.03119444
-0.03115444
-0.03103223
-0.03085782
-0.03061659
-0.03030229
-0.02990591
-0.02938963
-0.02880098
-0.02807376
-0.02722994
-0.02625563
-0.02514541
-0.02390529
-0.02254058
-0.02104133
-0.01940368
-0.0176254
-0.0157263
-0.01366722
-0.01153015
-0.009265224
-0.006896738
-0.004438248
-0.001888143
0.0006995911
0.003345475
0.006016825
0.008625234
0.01123024
0.01375847
0.01624359
0.01864409
0.0209844
0.0232699
0.02551344
0.02773474
0.02992425
0.0320971
0.03425793
0.03638346
0.0384616
0.04052304
0.04252677
0.04450055
0.04640464
0.04823929
0.05000633
0.05165852
0.05323054
0.05467615
0.0560185
0.05725532
0.05832909
0.0592857
0.06011326
0.06080202
0.06136886
0.0617915
0.06210994
0.06227477
0.06231228
0.06217316
0.06189995
0.06147397
0.06087599
0.06014343
0.05924378
0.05820891
0.05702449
0.05572057
0.05431709
0.05281018
0.05120599
0.04950203
0.04771645
0.04584172
0.0439148
0.04193423
0.03993619
0.03791487
0.03590146
0.03389428
0.03190702
0.02992325
0.02798739
0.02604117
0.024189
0.02231682
0.02047227
0.01867037
0.01687788
0.01509694
0.01333856
0.01154337
0.009732501
0.007899557
0.005985543
0.004006493
0.001974006
-0.0001549037
-0.002343519
-0.004659122
-0.007045493
-0.009536137
-0.01209538
-0.01475566
-0.01745614
-0.02021426
-0.02300594
-0.02581019
-0.02863996
-0.03145852
-0.03424995
-0.03701865
-0.03974776
-0.04244023
-0.04505619
-0.0475976
-0.05007519
-0.05246992
-0.05478767
-0.05699894
-0.05913163
-0.06114292
-0.06302116
-0.06472215
-0.06628816
-0.06766477
-0.06886728
-0.06988919
-0.07072033
-0.07137659
-0.07184424
-0.07214241
-0.07224891
-0.07217298
-0.07190488
-0.07143233
-0.07079964
-0.06998406
-0.06901607
-0.06792051
-0.06665488
-0.06525996
-0.06374429
-0.06209444
-0.06035187
-0.05854771
-0.05667157
-0.0547541
-0.05276581
-0.05073462
-0.04870443
-0.04662993
-0.04458244
-0.04252433
-0.04049975
-0.03845853
-0.03648296
-0.034523
-0.03256642
-0.0306197
-0.02875825
-0.02685652
-0.02501009
-0.02320953
-0.02140181
-0.01963406
-0.01791743
-0.01619799
-0.01451737
-0.01285318
-0.01122012
-0.00957597
-0.007915795
-0.006244127
-0.004546445
-0.00283009
-0.001058389
0.0007701128
0.002671886
0.004652489
0.006706236
0.008850038
0.0110625
0.01334546
0.01566146
0.01802602
0.02041641
0.02280613
0.02515274
0.02743363
0.02963775
0.03174212
0.03374273
0.03560242
0.03733632
0.03893114
0.04034952
0.04159891
0.04266499
0.04356542
0.04426107
0.04479628
0.04512319
0.04526942
0.04524593
0.04504471
0.04465077
0.0441242
0.04344697
0.04262676
0.04165839
0.0405641
0.03933915
0.03799397
0.03653061
0.03502418
0.03339154
0.03175122
0.02996188
0.02816798
0.02633867
0.02444578
0.02255637
0.02067387
0.01878981
0.01698523
0.01516111
0.01338855
0.01166702
0.01002499
0.0084081
0.006873456
0.005393695
0.003965106
0.002579164
0.001219277
-7.083872E-05
-0.001336187
-0.002621266
-0.003804289
-0.005006475
-0.006222851
-0.007384851
-0.008554985
-0.009726403
-0.010885
-0.01208146
-0.01332419
-0.014567
-0.01587093
-0.01721081
-0.01854941
-0.01992809
-0.02131124
-0.02271079
-0.02406693
-0.02539486
-0.02666461
-0.0278842
-0.02901641
-0.0300877
-0.03105604
-0.03192892
-0.03270287
-0.03340083
-0.03400365
-0.03451901
-0.03493003
-0.03528094
-0.03555394
-0.03570285
-0.03576975
-0.03576034
-0.03566077
-0.0354722
-0.03517314
-0.03482256
-0.03438345
-0.03386218
-0.03327699
-0.03263092
-0.03188494
-0.03112848
-0.03026531
-0.02941239
-0.02848317
-0.02752544
-0.02654774
-0.02557602
-0.02460674
-0.0236474
-0.02268212
-0.02177063
-0.0208738
-0.01999857
-0.01914689
-0.0183419
-0.01760154
-0.01688769
-0.01619504
-0.01552874
-0.01485484
-0.01419154
-0.01348359
-0.01271702
-0.0118754
-0.01100844
-0.01004966
-0.009005624
-0.00786338
-0.006722769
-0.005488378
-0.004248274
-0.002966385
-0.001687386
-0.0004469827
0.0007468344
0.001887333
0.00298166
0.00401064
0.004985034
0.005891679
0.006709345
0.00747415
0.008150625
0.008750293
0.009256662
0.009675883
0.01001866
0.01026805
0.01043946
0.01052452
0.01054388
0.01050253
0.01038301
0.01023645
0.01003197
0.009774976
0.009509074
0.009185318
0.008864359
0.008526901
0.008197027
0.007845571
0.007515072
0.007202099
0.006885794
0.006614689
0.00635608
0.006146031
0.005968976
0.005790004
0.005671612
0.005537449
0.005406469
0.005314717
0.005187523
0.00504156
0.004840539
0.004645185
0.004378906
0.004077224
0.003714156
0.003349458
0.002926521
0.002515993
0.002069231
0.001641675
0.001251007
0.0008332853
0.0004674418
0.0001054505
-0.0002095341
-0.0004822344
-0.0006719983
-0.0008120947
-0.0009062196
-0.00092562
-0.0009116475
-0.0008409467
-0.0007413217
-0.0006039821
-0.0004516168
-0.0002621109
-3.552812E-05
0.0001982928
0.0004509466
0.000728198
0.001030982
0.001338216
0.001663062
0.002014852
0.002381553
0.002786943
0.003177606
0.00362648
0.004063404
0.004496204
0.004941843
0.005341057
0.00569933
0.006052598
0.006361783
0.006578626
0.006762073
0.006896696
0.007010741
0.007062622
0.007085655
0.007090082
0.007109507
0.007101938
0.007102415
0.007069649
0.007054012
0.007002362
0.007002404
0.006985951
0.007007426
0.007052211
0.007114289
0.007162355
0.0072246
0.007307076
0.007409432
0.007464214
0.007527622
0.007591125
0.007638827
0.007678967
0.007680565
0.007689263
0.007700072
0.007692576
0.007686422
0.007697396
0.007693708
0.007670667
0.007655234
0.007644771
0.007635597
0.007613211
0.007578715
0.007572134
0.007529402
0.007498425
0.007472183
0.007456461
0.007395886
0.007348159
0.007266086
0.007204394
0.007121528
0.00702033
0.006919131
0.006790332
0.006648911
0.006487318
0.006302953
0.006088313
0.005863283
0.005610973
0.005331404
0.00500602
0.004704675
0.004328714
0.003934924
0.003533364
0.003126633
0.002701419
0.002290592
0.001833362
0.001412939
0.0009580027
0.0005162046
0.0001103688
-0.0003219591
-0.0007465205
-0.001158574
-0.001535698
-0.001918899
-0.0022834
-0.002630356
-0.002967822
-0.003283243
-0.003593587
-0.003908837
-0.004217563
-0.004487949
-0.004786472
-0.005064368
-0.005384522
-0.005698575
-0.006030497
-0.006358088
-0.006710002
-0.007054289
-0.007401985
-0.007763085
-0.008136012
-0.008472284
-0.008839628
-0.009171463
-0.00951725
-0.009839828
-0.01013815
-0.01041965
-0.01068729
-0.01095404
-0.01118471
-0.01139151
-0.01159756
-0.01177876
-0.01190671
-0.01204882
-0.01216126
-0.01222104
-0.01226695
-0.01229033
-0.01230696
-0.01230822
-0.01224794
-0.01218061
-0.01209654
-0.0119748
-0.01183416
-0.01165757
-0.01147077
-0.0112442
-0.01100461
-0.01076486
-0.01047654
-0.01019312
-0.009896961
-0.009582217
-0.009262289
-0.008938442
-0.008598119
-0.008262007
-0.007926557
-0.007582846
-0.007234429
-0.006879332
-0.006549471
-0.006194032
-0.005852662
-0.005520875
-0.005188543
-0.004877207
-0.004568471
-0.004259002
-0.003962166
-0.003660471
-0.003368443
-0.003081746
-0.002817781
-0.002563541
-0.002300843
-0.002053318
-0.001812022
-0.001579165
-0.00139024
-0.001167484
-0.0009809923
-0.0008059415
-0.0006218276
-0.0004675768
-0.0002846782
-0.0001310141
3.738591E-05
0.0001796992
0.0003475905
0.0004855462
0.0006505731
0.0008343913
0.0009619762
0.001107577
0.001277244
0.001436617
0.001584669
0.00172455
0.001852725
0.00198045
0.002113582
0.002231999
0.002349755
0.002450089
0.002544985
0.002606912
0.002685966
0.002763561
0.002832311
0.00286534
0.002868968
0.002887606
0.002907813
0.002908822
0.002881858
0.002861899
0.002826625
0.002756044
0.002698989
0.002618436
0.002528562
0.002413102
0.002310609
0.002177314
0.002047558
0.00191816
0.00175764
0.001600994
0.001481175
0.001328083
0.001191597
0.001058936
0.0009197489
0.0008004893
0.0007053122
0.0005743182
0.0004981461
0.0003854108
0.0003014673
0.0002105378
0.0001281155
3.842574E-05
-7.331604E-05
-0.0001600312
-0.0002274543
-0.0003274055
-0.0003999822
-0.0004705165
-0.0005672826
-0.0006354842
-0.0007025373
-0.00076875
-0.0008311037
-0.0008822768
-0.0009316857
-0.0009592972
-0.000987901
-0.001023404
-0.001038139
-0.001047497
-0.001086434
-0.00109228
-0.001138173
-0.001166098
-0.001198028
-0.001236145
-0.001274048
-0.001307255
-0.001339326
-0.001369047
-0.001390024
-0.001393707
-0.001406944
-0.001433491
-0.001435051
-0.001446252
-0.001429672
-0.001467675
-0.001508237
-0.00152696
-0.001573078
-0.001601647
-0.001662484
-0.001695494
-0.001745314
-0.001788025
-0.00180961
-0.001849648
-0.001856286
-0.001882911
-0.001898553
-0.001909454
-0.001894027
-0.001892224
-0.001869006
-0.001861816
-0.001862378
-0.001850076
-0.001849667
-0.001852562
-0.001882258
-0.001928365
-0.001965133
-0.002015558
-0.002078153
-0.002123321
-0.002186316
-0.002249622
-0.002311027
-0.002423802
-0.002475614
-0.002535082
-0.002572909
-0.002653711
-0.002715037
-0.00278112
-0.002846836
-0.002900547
-0.002984385
-0.003053479
-0.00310266
-0.003159893
-0.003213705
-0.003272637
-0.003305012
-0.003341042
-0.003375081
-0.003403474
-0.003406916
-0.003431361
-0.003429186
-0.003431119
-0.003443149
-0.003440246
-0.003428572
-0.003405804
-0.003398892
-0.003388965
-0.003349208
-0.003342398
-0.003304257
-0.003276287
-0.003246671
-0.003226097
-0.003186075
-0.003152285
-0.003099143
-0.003051026
-0.00300211
-0.002938968
-0.00290043
-0.002841928
-0.002776765
-0.002725227
-0.002645826
-0.002597554
-0.002518631
-0.002468225
-0.002379182
-0.002319054
-0.002235307
-0.00217123
-0.002096348
-0.002015705
-0.001943761
-0.001871619
-0.001785584
-0.001705935
-0.001627886
-0.001562501
-0.001453271
-0.001400383
-0.00131566
-0.001214933
-0.001138325
-0.001054444
-0.0009885071
-0.0008667212
-0.0008025023
-0.0007396791
-0.0006614227
-0.0005593033
-0.0004848247
-0.0003972828
-0.0003221568
-0.0002396553
-0.0001644264
-0.0001026965
-6.687142E-05
-7.626836E-06
2.824181E-05
9.209655E-05
0.0001271748
0.0001429145
0.0001769637
0.0002102686
0.0002336217
0.0002371681
0.000245067
0.0002355998
0.0002391685
0.000221039
0.0002176414
0.0002047852
0.0001724539
0.0001426938
0.000110374
8.53361E-05
3.397913E-05
1.990645E-05
-4.922619E-05
-0.0001082452
-0.0001569423
-0.0002225925
-0.0002970545
-0.0003675115
-0.0004290389
-0.0004915447
-0.0005615076
-0.0006168772
-0.000719977
-0.0007510741
-0.0008023368
-0.000871841
-0.0009731918
-0.001064988
-0.001131518
-0.001201613
-0.001271555
-0.001360382
-0.001426672
-0.001486004
-0.001549652
-0.001612616
-0.001677167
-0.001735616
-0.001782924
-0.001823781
-0.001888358
-0.001939241
-0.001976016
-0.002041415
-0.002094013
-0.002173359
-0.002215154
-0.00227459
-0.002325359
-0.002375043
-0.002420814
-0.002462869
-0.002504134
-0.002545514
-0.002586514
-0.002639187
-0.002672701
-0.002683739
-0.00273053
-0.002732449
-0.002752587
-0.002754771
-0.002765795
-0.00276825
-0.002765971
-0.002764042
-0.002766216
-0.002733854
-0.002739786
-0.002716332
-0.002719516
-0.002687234
-0.002666689
-0.002685872
-0.002626169
-0.002601076
-0.002570145
-0.002575956
-0.002502691
-0.002467537
-0.002443996
-0.002393558
-0.002364404
-0.002324368
-0.002277111
-0.002242205
-0.002189599
-0.002148216
-0.002117321
-0.002047434
-0.002016776
-0.001976065
-0.001904407
-0.0018601
-0.001808546
-0.001785678
-0.001733569
-0.001701632
-0.001646647
-0.00161771
-0.001585691
-0.001556122
-0.001537744
-0.001510329
-0.001478756
-0.001458108
-0.001454172
-0.00143948
-0.001425921
-0.001400524
-0.001386807
-0.001376605
-0.001335961
-0.00130227
-0.001308752
-0.001284184
-0.001249661
-0.001221904
-0.001227751
-0.001214212
-0.001193109
-0.00115191
-0.001152603
-0.001151274
-0.001129649
-0.001121969
-0.001134738
-0.001121076
-0.001096552
-0.001111215
-0.001112551
-0.001130351
-0.001133459
-0.001142476
-0.001142231
-0.00115596
-0.001155952
-0.001149134
-0.001162393
-0.001163105
-0.001180409
-0.00118244
-0.001156838
-0.001185962
-0.00116309
-0.001198356
-0.001205027
-0.001208457
-0.001225548
-0.001257727
-0.001268658
-0.001299805
-0.001316249
-0.001332392
-0.001333383
-0.001337694
-0.001333738
-0.001374501
-0.001388744
-0.001402792
-0.001413976
-0.001434298
-0.001448775
-0.001480165
