-1.273035E-06
-9.304033E-06
2.999151E-05
-1.475319E-07
2.887062E-05
-3.329456E-05
-4.394261E-05
-0.0001108172
-0.0001494515
-0.0002479397
-0.0002895314
-0.0003808308
-0.0004355802
-0.0005264758
-0.0006139062
-0.0006658502
-0.0007388695
-0.0008050824
-0.0008424237
-0.0009052255
-0.0009386414
-0.0009565722
-0.0009970027
-0.001007888
-0.001055057
-0.001041369
-0.001073596
-0.001057065
-0.001094092
-0.001097454
-0.001091118
-0.001050869
-0.001016961
-0.0009533242
-0.0008849436
-0.0008219871
-0.0007661139
-0.0006694527
-0.0005883639
-0.0005242309
-0.0004458826
-0.0003496829
-0.0002906498
-0.0002098743
-0.0001643892
-8.961548E-05
-1.705894E-05
6.440319E-05
0.0001631941
0.0002382215
0.0002928835
0.0003853583
0.0004378424
0.0004904988
0.0005649891
0.0006045186
0.0006835758
0.0007502121
0.000830416
0.0009043755
0.001033275
0.001119696
0.001261821
0.001356203
0.00145991
0.001532297
0.001553426
0.001586318
0.00153615
0.001470053
0.001343348
0.001220189
0.001062411
0.0008567573
0.0006854071
0.0005292449
0.0003512428
0.0001961316
-3.3067E-06
-0.000218116
-0.000404235
-0.0006370786
-0.0009100114
-0.001179262
-0.001469249
-0.001816048
-0.002151234
-0.002504662
-0.002869553
-0.003236154
-0.003572876
-0.003888851
-0.004212816
-0.004466803
-0.004730958
-0.004960468
-0.005189801
-0.005432107
-0.005605182
-0.005792633
-0.005952702
-0.006114753
-0.006215157
-0.006282769
-0.006308355
-0.006272128
-0.0062144
-0.006083132
-0.005923343
-0.005698878
-0.00544602
-0.005197247
-0.004911377
-0.004641675
-0.004328525
-0.004040614
-0.00369046
-0.0033548
-0.003053307
-0.002744791
-0.00241687
-0.002085607
-0.001749423
-0.001377403
-0.00102728
-0.0006608904
-0.0002890231
7.55186E-05
0.0004494694
0.0008007388
0.001183901
0.001545937
0.00190003
0.002262463
0.002634632
0.00295568
0.003298564
0.003620464
0.003964368
0.004265175
0.004543698
0.004806917
0.005035003
0.005217525
0.005361893
0.005456208
0.005527976
0.005595138
0.005668021
0.005760731
0.005913071
0.006034202
0.006160402
0.006292773
0.006439756
0.006546245
0.006667301
0.006743643
0.006817565
0.006808239
0.006758988
0.00664028
0.006466375
0.006193846
0.005894381
0.005528995
0.005120678
0.00463352
0.004170359
0.003657551
0.003152024
0.002685297
0.002198791
0.001740968
0.001346021
0.000914401
0.0005252167
0.0001420767
-0.0002236474
-0.0005773885
-0.0009168274
-0.001236633
-0.001476305
-0.00169561
-0.001814416
-0.001907056
-0.001919812
-0.001896616
-0.001784946
-0.001635702
-0.001442163
-0.001255059
-0.001048426
-0.0008488247
-0.0006490435
-0.0004024408
-0.000200064
5.643528E-06
0.0001694029
0.0002647102
0.0002864474
0.0002504849
0.0001136741
-1.61763E-05
-0.0002772964
-0.0005151812
-0.0008293326
-0.001159815
-0.001545334
-0.001896096
-0.002254468
-0.002623248
-0.002978992
-0.003327299
-0.003664805
-0.004001294
-0.004379315
-0.004736267
-0.005127168
-0.005457803
-0.005857804
-0.006210365
-0.006650766
-0.007013201
-0.007338905
-0.007645316
-0.007816732
-0.007843792
-0.007723515
-0.00746263
-0.007098451
-0.006673716
-0.006035757
-0.005356682
-0.004504948
-0.003497339
-0.002406535
-0.001276969
-0.0001518476
0.0009307794
0.001943871
0.002842696
0.003521505
0.003960402
0.004175739
0.004183555
0.004006663
0.003793217
0.003524869
0.003213062
0.002914298
0.00275345
0.002691285
0.002793001
0.00305361
0.003455466
0.003933338
0.00436685
0.004665542
0.004913678
0.004982267
0.004883344
0.004619845
0.00413652
0.003500805
0.002741737
0.001815794
0.0008262771
-0.000295116
-0.001479178
-0.002686597
-0.00385474
-0.004980134
-0.006011456
-0.006982343
-0.007917525
-0.008865305
-0.009767286
-0.01062408
-0.01145581
-0.01223175
-0.01294203
-0.01354895
-0.01397432
-0.01423217
-0.01431067
-0.01416778
-0.01377995
-0.01317386
-0.01228881
-0.01119841
-0.009861198
-0.00832805
-0.006698187
-0.00499051
-0.003239657
-0.001481869
0.0002671113
0.00201646
0.003745883
0.00540468
0.006994042
0.008419108
0.009769165
0.01105651
0.01240434
0.0136786
0.01501365
0.01640447
0.01778987
0.01920242
0.020595
0.02189349
0.02309386
0.02410962
0.02497924
0.02560342
0.02606526
0.02630836
0.02631185
0.02613139
0.02574768
0.02518943
0.02453202
0.02374788
0.02291176
0.0220175
0.02106665
0.02004966
0.01896662
0.0177591
0.0165219
0.01512529
0.01373174
0.01218435
0.01060424
0.008904597
0.007107088
0.005289908
0.003437242
0.001604532
-0.0001675109
-0.001898818
-0.003498348
-0.005050089
-0.006494896
-0.007815111
-0.00904454
-0.01012705
-0.01108657
-0.01192315
-0.01265289
-0.01329627
-0.01385601
-0.01431773
-0.01469246
-0.01498227
-0.0151751
-0.01526224
-0.01518852
-0.0149797
-0.01467875
-0.01422033
-0.01370524
-0.01309068
-0.01238053
-0.01164254
-0.01086456
-0.01008302
-0.009334903
-0.008613149
-0.007980469
-0.007397077
-0.006818029
-0.006281536
-0.005765558
-0.005231039
-0.004767315
-0.004398099
-0.004012174
-0.003684345
-0.003357483
-0.003049782
-0.002726942
-0.002401061
-0.002041687
-0.001688462
-0.001302312
-0.0008988399
-0.0004457972
-3.028609E-05
0.0003485835
0.0006774259
0.0009524732
0.001171339
0.001323317
0.001384651
0.001364797
0.001289483
0.001105312
0.0009056181
0.0006668412
0.0003593295
6.358157E-05
-0.0002368763
-0.0005546698
-0.0009307638
-0.001321427
-0.001714725
-0.002208274
-0.002707783
-0.003275367
-0.003885137
-0.004539716
-0.005223915
-0.005933308
-0.006625541
-0.007316888
-0.007991008
-0.008567711
-0.009113276
-0.009576922
-0.009944291
-0.01026652
-0.01046964
-0.01059733
-0.01058656
-0.01041744
-0.010126
-0.009626548
-0.008939971
-0.008054276
-0.006985311
-0.005746823
-0.004366043
-0.002822076
-0.001212952
0.0005034232
0.002318539
0.00416222
0.00599218
0.007745553
0.009445021
0.0109843
0.01241183
0.01371458
0.0149428
0.01605927
0.01712553
0.01817014
0.01916094
0.02010009
0.02096791
0.02176993
0.02249964
0.02313984
0.02366016
0.02407151
0.02438032
0.02455043
0.02459101
0.02452198
0.02430997
0.02400995
0.0236457
0.02324043
0.02277349
0.02223986
0.02168999
0.02107882
0.02042558
0.01972957
0.01895786
0.0181206
0.01718025
0.01616691
0.0150745
0.01389374
0.01262746
0.01131985
0.009942294
0.008492288
0.007037489
0.005518304
0.004007788
0.002511933
0.001053661
-0.0004435954
-0.00187047
-0.00321252
-0.004502067
-0.005709861
-0.006838537
-0.007886047
-0.008910813
-0.00988265
-0.01082058
-0.01175637
-0.01266822
-0.01352014
-0.01436095
-0.01517018
-0.01595473
-0.01668631
-0.01735518
-0.01793081
-0.0184258
-0.01886719
-0.0191988
-0.01943385
-0.01952843
-0.0195637
-0.01945054
-0.01923381
-0.01889681
-0.01847979
-0.01798313
-0.01742906
-0.0168283
-0.01618938
-0.01550676
-0.01482562
-0.01413805
-0.01348912
-0.01282338
-0.01219882
-0.01155847
-0.01090356
-0.01022513
-0.009530206
-0.008772147
-0.007960974
-0.007116756
-0.006227593
-0.005281582
-0.004281681
-0.003249717
-0.002176188
-0.001070888
6.804672E-05
0.001252697
0.002474277
0.003701248
0.004948894
0.006231843
0.007561711
0.008930875
0.01034953
0.01179751
0.01326069
0.01473647
0.01616494
0.01753774
0.01884806
0.02006489
0.02116503
0.02212014
0.02291861
0.02354736
0.02398591
0.0242481
0.0243454
0.02428811
0.02411073
0.0237908
0.02334728
0.02278671
0.02205584
0.02122393
0.02023279
0.01904941
0.01772262
0.01628415
0.01469363
0.01297544
0.01113348
0.009188026
0.00713013
0.004992891
0.002805443
0.0005941078
-0.001532406
-0.003619093
-0.005614436
-0.007489129
-0.00929084
-0.01096391
-0.01257579
-0.01410081
-0.01553355
-0.01685361
-0.01806765
-0.01921491
-0.02023345
-0.02120816
-0.02204824
-0.02281633
-0.02347743
-0.02402416
-0.02443526
-0.02472161
-0.02489582
-0.02495313
-0.0249463
-0.02486736
-0.02467723
-0.02441197
-0.02403259
-0.02356532
-0.02298831
-0.02229241
-0.02151643
-0.02066426
-0.01976912
-0.0188395
-0.01784596
-0.01684139
-0.01570748
-0.01445018
-0.01309852
-0.01159793
-0.009954587
-0.008210768
-0.006347638
-0.00441516
-0.002457223
-0.0004602915
0.001509754
0.003478687
0.005446344
0.007377698
0.009304035
0.01115818
0.01292463
0.01461907
0.01620833
0.01772579
0.019148
0.02046238
0.02161384
0.02262335
0.0234886
0.02419904
0.0247431
0.02511854
0.02533449
0.02534056
0.02516497
0.02479057
0.02426554
0.02363573
0.02292632
0.0221811
0.02141766
0.02068614
0.01998913
0.01934841
0.01873744
0.01821207
0.01773628
0.01730484
0.01691501
0.01655304
0.01619957
0.01585647
0.01547435
0.01505496
0.01461582
0.01415928
0.01368752
0.01317311
0.01262387
0.012085
0.01155097
0.0110021
0.01046762
0.009956226
0.009490339
0.00909908
0.008698809
0.008339453
0.007974618
0.00756618
0.007094319
0.006583878
0.00598144
0.005343867
0.004635759
0.003878656
0.003075204
0.002201546
0.001280328
0.0003096568
-0.0006946896
-0.001737771
-0.002802661
-0.003828074
-0.004806962
-0.005702538
-0.006545951
-0.007266591
-0.007911314
-0.00845319
-0.008875697
-0.009218346
-0.009442314
-0.009602835
-0.009707207
-0.009787043
-0.009816307
-0.00983545
-0.009796637
-0.009711515
-0.009527
-0.009304542
-0.008983065
-0.008623525
-0.008263703
-0.007922402
-0.007601873
-0.007314062
-0.007099549
-0.006956065
-0.006887436
-0.006861424
-0.006865968
-0.006866829
-0.006911
-0.00690082
-0.00682826
-0.006735359
-0.006526945
-0.006210961
-0.005875308
-0.005430202
-0.004900133
-0.004275641
-0.003588459
-0.00281966
-0.001979922
-0.00112046
-0.0002335457
0.0006437603
0.001503802
0.002337788
0.003135904
0.003905907
0.00467227
0.00541515
0.006147163
0.006839984
0.007507372
0.008131629
0.008699847
0.009202195
0.009661662
0.01004021
0.01034661
0.01053624
0.01064158
0.01063199
0.01054131
0.01032792
0.01001095
0.009576665
0.00903064
0.008396206
0.007657645
0.006839331
0.005935375
0.004972189
0.0039583
0.002930344
0.001865928
0.00078165
-0.0001916993
-0.001163977
-0.002094564
-0.002961303
-0.003817757
-0.004682991
-0.005479927
-0.006248176
-0.006998253
-0.007684172
-0.008376369
-0.00902858
-0.009670813
-0.01028818
-0.01085407
-0.01141019
-0.01189152
-0.01238321
-0.01282825
-0.01320306
-0.01356761
-0.01389013
-0.01420303
-0.01450522
-0.01478763
-0.0150599
-0.01531541
-0.01554727
-0.01576225
-0.01595394
-0.01612509
-0.01628369
-0.01638
-0.01642171
-0.01638424
-0.01628561
-0.01612437
-0.01589475
-0.01558951
-0.01525303
-0.01485118
-0.01434617
-0.0138217
-0.01319345
-0.01251846
-0.01174038
-0.01092973
-0.0100039
-0.009031171
-0.007996451
-0.006913457
-0.005794051
-0.004653749
-0.003473059
-0.002324572
-0.001141135
2.75584E-05
0.00117367
0.002242623
0.00325687
0.004207889
0.005116626
0.005991562
0.006835782
0.007626085
0.0083874
0.009103537
0.00978557
0.01044243
0.01110394
0.01173278
0.01238401
0.01301887
0.01365317
0.01424177
0.01481179
0.01534765
0.0158728
0.01633959
0.01678178
0.01715917
0.01749053
0.01777284
0.01800686
0.01816945
0.01827141
0.01828405
0.01822276
0.01807471
0.01784539
0.01752388
0.01718278
0.01678644
0.01634786
0.01586191
0.01534996
0.01480489
0.01427796
0.01374514
0.01323212
0.01273845
0.0122844
0.01186312
0.01149946
0.01116828
0.01085075
0.01054412
0.01025505
0.009950918
0.009669193
0.009320039
0.008972671
0.008566563
0.008086537
0.007567457
0.006999094
0.006398729
0.005804803
0.005197719
0.004572123
0.004013978
0.003510162
0.003055586
0.002628703
0.002259684
0.001948728
0.001698611
0.001485604
0.001274963
0.001083242
0.0008681671
0.0006270411
0.0003413493
1.523712E-05
-0.0003204151
-0.0006372451
-0.0009417064
-0.001191761
-0.001394455
-0.001524653
-0.001555649
-0.001523309
-0.001407129
-0.001221241
-0.0009736926
-0.0006915539
-0.0003800088
-2.892341E-05
0.0003344764
0.0007207442
0.001071428
0.001426679
0.001764772
0.002078469
0.002375683
0.00261298
0.002806533
0.00291766
0.002971932
0.002934898
0.002819036
0.002612854
0.00230329
0.001933653
0.001470051
0.0009590518
0.0003899631
-0.0002255154
-0.0008557446
-0.001496891
-0.002128513
-0.00274491
-0.003338363
-0.003877375
-0.004320146
-0.004715904
-0.005004324
-0.005206004
-0.005312987
-0.005379271
-0.005387042
-0.005364968
-0.005332732
-0.005302903
-0.005277298
-0.00528826
-0.005355165
-0.005425662
-0.005526943
-0.005672692
-0.005803202
-0.005938805
-0.00604485
-0.006084626
-0.006053288
-0.005940918
-0.005700724
-0.005343735
-0.004897531
-0.004348652
-0.003715919
-0.003049288
-0.002344914
-0.001660818
-0.0009955154
-0.000409677
0.0001304835
0.0006037756
0.0009866388
0.001354311
0.001671059
0.001970247
0.002289198
0.002622584
0.002978653
0.00341137
0.003925269
0.004494351
0.005100097
0.005734827
0.006373255
0.006974433
0.007524893
0.008019643
0.008373595
0.008646516
0.008810983
0.0088423
0.008778679
0.008603713
0.008358489
0.00804392
0.007675517
0.007227477
0.006752688
0.006281442
0.005765232
0.005217926
0.004640575
0.003981159
0.003277404
0.002526643
0.001700967
0.0007692051
-0.0002277923
-0.001291255
-0.002430349
-0.003556727
-0.004713935
-0.005846467
-0.006962777
-0.008029728
-0.009051373
-0.01000815
-0.01088081
-0.01168033
-0.01242698
-0.01306547
-0.01365666
-0.01419324
-0.01468541
-0.01514864
-0.01554403
-0.01589393
-0.01621
-0.01646922
-0.01668867
-0.01684636
-0.01694838
-0.01698109
-0.01694811
-0.01682489
-0.01663431
-0.0163526
-0.0159938
-0.01554343
-0.01500119
-0.01438654
-0.01370061
-0.01293308
-0.01211374
-0.01128129
-0.01037212
-0.009385137
-0.008350371
-0.007249061
-0.006102252
-0.004906424
-0.003640968
-0.002355826
-0.001038467
0.0003006009
0.001652155
0.003006584
0.0043638
0.005725832
0.007085995
0.008437802
0.009779346
0.01111656
0.01243291
0.01374575
0.01501677
0.01630149
0.01757475
0.0188305
0.02003166
0.02121128
0.02233299
0.02341632
0.02441219
0.02538235
0.02627843
0.0271106
0.02789548
0.02858228
0.02917995
0.02965053
0.0300233
0.03027578
0.03038926
0.03039633
0.03028621
0.03006996
0.02974252
0.02935474
0.02889518
0.02837859
0.02778665
0.02715792
0.02646651
0.02573429
0.02496579
0.02412736
0.02329326
0.02238183
0.02145963
0.0204726
0.01947854
0.01843819
0.01737101
0.01624743
0.01515443
0.01401562
0.01283532
0.01165609
0.01046116
0.009256072
0.007982961
0.006713856
0.005379617
0.003990509
0.002524086
0.0009999363
-0.0005830443
-0.002206821
-0.003863096
-0.005542414
-0.007184375
-0.008798953
-0.01033491
-0.01181995
-0.01317942
-0.01439676
-0.01548974
-0.01643974
-0.01724487
-0.01789415
-0.01838922
-0.01873479
-0.01895263
-0.01906423
-0.01909872
-0.01905528
-0.01898102
-0.01886005
-0.01879162
-0.01868433
-0.01860983
-0.01857111
-0.018564
-0.01856402
-0.01862134
-0.01872817
-0.01885238
-0.01898979
-0.01916357
-0.019348
-0.01953917
-0.01973738
-0.01991654
-0.02012285
-0.02034716
-0.02057038
-0.02081242
-0.02100563
-0.02125944
-0.02146101
-0.0216371
-0.02179131
-0.02189909
-0.02192683
-0.02187015
-0.02169875
-0.02139516
-0.02096667
-0.02038368
-0.01966163
-0.01881229
-0.01783173
-0.01676052
-0.01561524
-0.01439913
-0.01312858
-0.0118093
-0.01046815
-0.009123746
-0.007746925
-0.00641382
-0.005064647
-0.003723657
-0.002385019
-0.00104313
0.0003308053
0.001714342
0.00313586
0.00456608
0.006006612
0.007442576
0.008875286
0.01028117
0.01168135
0.01303484
0.01433774
0.01557933
0.01674489
0.01784353
0.01888001
0.0198267
0.02070466
0.02149675
0.0222466
0.02291357
0.02350514
0.02402348
0.02446691
0.02483438
0.02512131
0.02532326
0.02544601
0.02546706
0.02548123
0.02541179
0.02529114
0.02513269
0.02497685
0.0247588
0.02456769
0.02434805
0.02417082
0.02403435
0.02390606
0.02385813
0.02383101
0.02383455
0.02388508
0.02397054
0.02407332
0.02418161
0.02425812
0.02429603
0.02429091
0.02420697
0.02404134
0.02382205
0.02347865
0.02307054
0.02255675
0.02196927
0.02128887
0.02053585
0.01970858
0.01882776
0.01786908
0.01684595
0.01579622
0.01467585
0.01352073
0.01228332
0.01102759
0.009700227
0.008304669
0.00686543
0.005312646
0.003722245
0.002071802
0.0003827655
-0.001361148
-0.003140207
-0.004954637
-0.006745089
-0.008564876
-0.01035345
-0.01212231
-0.01382673
-0.01548098
-0.01704072
-0.01852102
-0.01988754
-0.02114796
-0.02228724
-0.0232918
-0.02419958
-0.02500053
-0.02566889
-0.026278
-0.02679798
-0.02725325
-0.02765879
-0.02802433
-0.02834183
-0.02864733
-0.02889657
-0.02918776
-0.02943387
-0.02969286
-0.02993097
-0.03016183
-0.03037298
-0.0305917
-0.03073685
-0.03089505
-0.03097467
-0.03104751
-0.03104767
-0.03099149
-0.03088666
-0.03068523
-0.03041884
-0.03006266
-0.02963849
-0.02910435
-0.02852604
-0.02784508
-0.02711529
-0.02630234
-0.02543314
-0.02448406
-0.02345576
-0.02237839
-0.02128544
-0.02011571
-0.01891066
-0.01766169
-0.01636575
-0.01504778
-0.01368025
-0.01228281
-0.01085038
-0.009389102
-0.007874101
-0.006351155
-0.004807857
-0.003247573
-0.001666824
-9.3824E-05
0.001470391
0.003037554
0.004550635
0.006015736
0.007419218
0.008749975
0.01000295
0.0111675
0.01225576
0.01324593
0.01415952
0.01496971
0.01571608
0.01636867
0.01697492
0.01751797
0.01804801
0.01856055
0.01907635
0.01958518
0.02009363
0.02062883
0.02117025
0.02171359
0.02224554
0.0227725
0.02330633
0.02382364
0.02429887
0.02475478
0.02513615
0.02550675
0.02584231
0.02613988
0.02642194
0.02668242
0.02693039
0.0271813
0.02741352
0.02760676
0.02775429
0.02786572
0.02791344
0.02789259
0.0277961
0.02761394
0.02735261
0.0270168
0.02653828
0.02604165
0.02546669
0.02485488
0.02416307
0.02341246
0.02263
0.02182062
0.02095967
0.0200592
0.01913543
0.01816021
0.0171618
0.01612614
0.0150981
0.01404662
0.01298589
0.01193778
0.01087822
0.009835752
0.008791065
0.007761362
0.006760573
0.005779334
0.004815767
0.003867478
0.002920462
0.002033418
0.001173002
0.0003068417
-0.0005162344
-0.001301284
-0.002057514
-0.002788544
-0.003466848
-0.004101721
-0.004694065
-0.005226264
-0.005728493
-0.006159874
-0.00652814
-0.006839579
-0.007069121
-0.007252951
-0.007385501
-0.007479227
-0.007529004
-0.007553315
-0.007548779
-0.007525027
-0.007476958
-0.007440826
-0.00736705
-0.007282802
-0.007201289
-0.007110239
-0.007001856
-0.006871462
-0.006752544
-0.006624327
-0.006503665
-0.006377184
-0.006287854
-0.006229619
-0.00621865
-0.006231729
-0.006327974
-0.006446099
-0.006604422
-0.006851768
-0.007089642
-0.007396177
-0.007722684
-0.008032976
-0.008362293
-0.00864017
-0.008889336
-0.009086356
-0.009218629
-0.009337612
-0.009385211
-0.009366288
-0.009335166
-0.009255967
-0.00912755
-0.008972132
-0.00876029
-0.008513827
-0.008230513
-0.007894166
-0.007542406
-0.007132969
-0.006669457
-0.006210173
-0.005701375
-0.005172749
-0.004636852
-0.004085053
-0.003522414
-0.002957542
-0.002370711
-0.00181539
-0.001237967
-0.0006762758
-0.0001192608
0.0004236478
0.0009662546
0.001525702
0.00206734
0.002612236
0.003177712
0.003743564
0.004345234
0.00493815
0.005569241
0.006206981
0.006871727
0.007547291
0.008242295
0.008943535
0.009659113
0.01037805
0.01109537
0.01180647
0.01249351
0.01318607
0.01384363
0.01449872
0.01511939
0.01569638
0.01624915
0.01676735
0.01727095
0.01772343
0.01815925
0.0185573
0.01893749
0.01925868
0.01957244
0.01980137
0.02002426
0.02017699
0.02029156
0.02031995
0.02032227
0.0202703
0.02014356
0.01998104
0.01975168
0.01946997
0.01913529
0.01875886
0.01832836
0.01785512
0.01734019
0.01677288
0.01615308
0.01548889
0.01479572
0.01406587
0.01328483
0.01247859
0.01164082
0.01078536
0.009905788
0.008999502
0.008076878
0.007186347
0.006283298
0.005377447
0.004465205
0.003561736
0.002683302
0.001820594
0.0009706531
0.0001303524
-0.0006827327
-0.001483739
-0.002264918
-0.002995767
-0.003723639
-0.004402549
-0.005050173
-0.005649705
-0.00621646
-0.00675077
-0.007242215
-0.007691769
-0.00808702
-0.008453671
-0.008799412
-0.009079339
-0.009352802
-0.009598967
-0.009827533
-0.01002544
-0.01021148
-0.01035496
-0.01054134
-0.01070153
-0.01082777
-0.01096987
-0.01111664
-0.01123338
-0.01131757
-0.01141006
-0.01148068
-0.01152158
-0.01149927
-0.01148012
-0.01141518
-0.01130633
-0.01117343
-0.0109762
-0.01074584
-0.01048905
-0.01021003
-0.009908444
-0.009574598
-0.009221291
-0.008860564
-0.00845211
-0.008057347
-0.007621514
-0.00717404
-0.006717088
-0.006256362
-0.00578072
-0.005288055
-0.00480734
-0.004316282
-0.003839706
-0.003357587
-0.002882363
-0.002406838
-0.001936779
-0.001451751
-0.0009788651
-0.0004940061
-2.980462E-06
0.0004958131
0.000987814
0.00150005
0.002006581
0.002526432
0.003035556
0.003530717
0.004017719
0.004491706
0.004925281
0.005342665
0.005729684
0.006086808
0.006411856
0.006718372
0.006998525
0.0072279
0.007477955
0.007632009
0.007826997
0.007966856
0.008100001
0.008210741
0.00830404
0.008379891
0.008436319
0.008504192
0.008525524
0.008552914
0.008568473
0.008571653
0.008569451
0.008546885
0.008531479
0.008514724
0.008514674
0.008491626
0.008446366
0.008415794
0.008379824
0.008311066
0.008239761
0.008135135
0.008061042
0.007949596
0.00780283
0.007696204
0.007566219
0.00740561
0.007257363
0.007104273
0.006953687
0.00678952
0.006618522
0.006453269
0.006280816
0.006098745
0.005917156
0.005727182
0.005530993
0.005328172
0.005136068
0.004933535
0.004719646
0.004513205
0.004309935
0.00409276
0.003876421
0.003658793
0.003458356
0.003237425
0.003018101
0.002794403
0.002577069
0.002371791
0.002150781
0.001908325
0.001716461
0.001522177
0.001330597
0.00116207
0.0009782655
0.0008143652
0.0006645629
0.0005223486
0.0003682187
0.0002373152
0.0001329717
-1.188523E-05
-0.0001136287
-0.0002317825
-0.0003376715
-0.0004631122
-0.000560244
-0.0006739942
-0.000785693
-0.0009125776
-0.000966532
-0.001067206
-0.001148035
-0.001245291
-0.001298856
-0.001397455
-0.001474182
-0.001567057
-0.001638307
-0.001715408
-0.001812636
-0.001884696
-0.001967056
-0.002083045
-0.00217148
-0.002266582
-0.002349872
-0.002426773
-0.002512122
-0.002611525
-0.002654813
-0.002728279
-0.002765871
-0.002780753
-0.002830052
-0.002811699
-0.00283035
-0.002825837
-0.002815757
-0.002795992
-0.002744071
-0.002702566
-0.002676359
-0.002614313
-0.002520102
-0.002424219
-0.002309457
-0.00217965
-0.002042836
-0.001876826
-0.001718336
-0.001536082
-0.001352066
-0.001149175
-0.0009565868
-0.0007611561
-0.0005628322
-0.0003702417
-0.0001769428
5.191999E-05
0.0002590092
0.0004522592
0.0006577041
0.0009018039
0.001128437
0.001331978
0.001537334
0.001785747
0.002021433
0.002212535
0.002407125
0.002619974
0.002784119
0.002963336
0.003129212
0.003298968
0.003471954
0.003607661
0.003754859
0.003891453
0.004023938
0.004139463
0.004287618
0.004412111
0.004537449
0.004666501
0.004769388
0.004874219
0.004943929
0.005035268
0.005113375
0.00517643
0.005224609
0.00527018
0.005279502
0.005327531
0.00533234
0.005334194
0.005368733
0.005336527
0.005351773
0.005348148
0.005307306
0.005289448
0.005221409
0.005136909
0.005054166
0.00494459
0.004844921
0.004720917
0.004599794
0.004468278
0.004310028
0.004175828
0.004054746
0.003906454
0.003763326
0.003606997
0.003454975
0.003279548
0.003129919
0.00294202
0.002741575
0.002580101
0.002378449
0.002201575
0.002008851
0.001852253
0.001688904
0.001518196
0.001370223
0.001211029
0.001064781
0.0009145282
0.0007763277
0.0006135748
0.0004960741
0.000363877
0.0002148129
9.176596E-05
-1.558282E-05
-0.000143976
-0.0002309957
-0.0003166346
-0.0003964505
-0.0004420079
-0.0005041129
-0.0005407479
-0.000578697
-0.0005736828
-0.0006057227
-0.0006062872
-0.0006195111
-0.0006151807
-0.0006456142
-0.0006266496
-0.0006685176
-0.0006692008
-0.0006336411
-0.0006826093
-0.0006091597
-0.0006275824
-0.0005963685
-0.0005652874
-0.0005538575
-0.000507688
-0.0004744468
-0.0004376045
-0.0004228877
-0.0003957195
-0.0003371733
-0.0003283263
-0.0003129258
-0.0002591476
-0.0002220947
-0.0001512508
-0.0001229082
-4.403132E-05
2.04074E-05
9.079916E-05
0.0001731938
0.0002562448
0.0003093623
0.000414863
0.0004812081
0.000563221
0.0006162348
0.0006865458
0.000764258
0.0008280461
0.0008916483
0.0009558649
0.00105884
0.001095609
0.001200354
0.001282537
0.001385853
0.00145199
0.00154833
0.001626256
0.001687918
0.00177423
0.001834857
0.001894688
0.001960061
0.001991945
0.002049448
0.002102985
0.00214744
0.002193826
0.002231152
0.002276378
0.002316927
0.002372028
0.002378429
0.002439818
0.002482849
0.002473281
0.002510025
0.002548143
0.002548202
0.002560343
0.002543592
0.002622012
0.002611053
0.002649765
0.002664649
0.002669394
0.002685629
0.002727801
0.002738304
0.002724864
0.002720841
0.002694829
0.002722003
0.002733085
0.002683826
0.002692605
0.002679674
0.002675735
0.002657223
0.002665385
0.002623042
0.002599792
0.002582915
0.002545349
0.002497758
0.002443769
0.002393786
0.00233146
0.00228571
0.002223196
0.00214548
0.002080269
0.002032972
0.001967892
0.001887628
0.001834407
0.0017675
0.001676652
0.001621779
0.001535686
0.001457579
0.001392217
0.001296773
0.001214979
0.001135737
0.001076568
0.001016366
0.0009605555
0.000912076
0.0008545968
0.000799795
0.000773219
0.0006945129
0.0006538527
0.000642197
0.0005514596
0.0005209104
0.0004859417
0.0004475157
0.0004068679
0.0003709681
0.0003184557
0.0003211638
