2.267973E-06
-2.244245E-06
7.369365E-07
5.007536E-06
9.037422E-06
8.422639E-06
1.027221E-05
1.485863E-05
1.92512E-05
2.399135E-05
2.868877E-05
2.878994E-05
3.434848E-05
3.889792E-05
4.913377E-05
5.634165E-05
6.346561E-05
7.228463E-05
8.188467E-05
8.95132E-05
0.0001006785
0.0001110698
0.0001187963
0.0001309623
0.0001387344
0.0001442943
0.0001519162
0.0001623782
0.0001704733
0.0001799669
0.0001885768
0.0001949109
0.0002059324
0.0002154763
0.0002233061
0.0002302217
0.0002414554
0.0002468623
0.0002569972
0.0002669633
0.0002743586
0.0002804869
0.0002882428
0.000295332
0.0003048972
0.0003140907
0.0003198071
0.0003300949
0.0003388864
0.0003467228
0.0003580191
0.000365206
0.0003750599
0.0003874883
0.0004048249
0.0004116949
0.0004237769
0.0004370291
0.0004469847
0.0004589931
0.0004671756
0.0004761481
0.0004878461
0.0004948997
0.0005008567
0.0005052279
0.0005085454
0.0005110219
0.0005117137
0.0005122084
0.0005076672
0.000503785
0.000497015
0.0004889311
0.0004835195
0.0004748831
0.0004722895
0.0004673432
0.0004672575
0.0004737159
0.0004817666
0.0004954003
0.0005055547
0.0005208188
0.0005371436
0.000549209
0.0005621675
0.0005751434
0.0005781815
0.0005822317
0.0005780784
0.0005710619
0.0005534842
0.000540411
0.0005162106
0.0004933982
0.0004634444
0.0004341617
0.0004031091
0.0003709797
0.0003380722
0.0002982187
0.000269881
0.0002365799
0.0002054807
0.0001764218
0.0001508741
0.0001266017
0.0001082456
9.422793E-05
8.427007E-05
7.701492E-05
7.747069E-05
8.578439E-05
9.324792E-05
0.0001104742
0.0001251644
0.0001511672
0.0001706751
0.0001955504
0.0002206209
0.0002452706
0.0002695051
0.0002940173
0.0003155174
0.0003337485
0.0003502738
0.0003706721
0.0003814985
0.0003998901
0.0004109586
0.0004320355
0.0004514265
0.0004719553
0.0004991642
0.0005272515
0.0005582748
0.0005913415
0.0006248659
0.0006619038
0.0006980462
0.0007337885
0.0007670132
0.0007997943
0.0008235322
0.0008484754
0.0008638371
0.0008790258
0.0008884573
0.0008948299
0.0008949759
0.000896189
0.0008918723
0.0008911808
0.0008822735
0.0008741231
0.0008628517
0.0008509642
0.0008338219
0.0008139568
0.0007850575
0.0007525219
0.0007128292
0.0006681305
0.0006136611
0.0005538003
0.0004862055
0.0004082615
0.0003253612
0.000238871
0.0001451385
4.798268E-05
-5.021035E-05
-0.000146492
-0.0002416281
-0.0003366563
-0.0004283903
-0.0005170614
-0.0006054446
-0.0006856316
-0.0007690701
-0.0008511675
-0.0009288296
-0.001006134
-0.001077843
-0.001151372
-0.00121723
-0.001281039
-0.001336507
-0.001384365
-0.00142975
-0.001460946
-0.001491138
-0.001510465
-0.001524528
-0.001531217
-0.001532611
-0.001528953
-0.001521696
-0.001510206
-0.001497456
-0.001485234
-0.001465256
-0.00144711
-0.001424831
-0.001397252
-0.001367759
-0.001327189
-0.001284921
-0.001236464
-0.001186364
-0.001129379
-0.001070071
-0.001010334
-0.0009507663
-0.0008936602
-0.0008392972
-0.0007899285
-0.0007460761
-0.000706965
-0.0006717064
-0.0006444147
-0.0006183904
-0.0006002309
-0.0005829409
-0.0005688605
-0.0005528796
-0.0005335336
-0.0005114739
-0.0004819794
-0.0004459688
-0.0004054577
-0.0003481302
-0.0002889512
-0.0002165989
-0.000136583
-4.80127E-05
4.577055E-05
0.0001483041
0.0002614
0.0003740396
0.0004961531
0.0006192317
0.0007467904
0.0008746506
0.001005872
0.001135348
0.001266812
0.001397657
0.00153468
0.001671186
0.001819127
0.001978263
0.002149613
0.002338789
0.002543257
0.002762198
0.002988411
0.003228387
0.003453339
0.003673236
0.003869385
0.004036967
0.004176132
0.004274331
0.004322382
0.004328728
0.004287679
0.004202757
0.00407738
0.00391895
0.003732911
0.003524815
0.003301419
0.003064772
0.002828762
0.002597374
0.002372349
0.002160205
0.001962618
0.001784967
0.001629164
0.001490816
0.00137516
0.001277338
0.001199526
0.001134765
0.001086078
0.001054703
0.001030092
0.001018184
0.001011435
0.001006304
0.001005544
0.00100705
0.001003162
0.0009914641
0.0009723827
0.0009387912
0.0008877231
0.0008165821
0.0007272387
0.0006110399
0.0004760744
0.0003203035
0.0001413216
-4.987419E-05
-0.0002560359
-0.0004691135
-0.000686101
-0.000896305
-0.00109877
-0.001279225
-0.001434952
-0.001563877
-0.001663126
-0.001730773
-0.001764522
-0.001776117
-0.001767793
-0.001748914
-0.001718312
-0.00169445
-0.001678291
-0.00167084
-0.001685747
-0.001723296
-0.001778745
-0.00185824
-0.001953976
-0.002068946
-0.002196159
-0.002340476
-0.002493876
-0.002655052
-0.002824501
-0.002998211
-0.003173942
-0.003351806
-0.003532717
-0.003712234
-0.003890463
-0.004073896
-0.004249437
-0.004417516
-0.004576139
-0.004724082
-0.004857883
-0.004972353
-0.005063509
-0.00513422
-0.005178381
-0.005197328
-0.005192583
-0.005164728
-0.005114302
-0.005047499
-0.004965053
-0.004873389
-0.004769636
-0.004663177
-0.004550147
-0.004431353
-0.004312612
-0.004191808
-0.004070567
-0.003946577
-0.003820252
-0.003685489
-0.003544208
-0.003395414
-0.003234827
-0.003064914
-0.00288213
-0.002689012
-0.002478136
-0.00225527
-0.002013004
-0.001753204
-0.001476862
-0.001183553
-0.000876794
-0.0005601682
-0.0002352131
9.362324E-05
0.0004170409
0.0007355225
0.001040858
0.001330154
0.001598073
0.001841321
0.002057557
0.002245917
0.002405155
0.002537797
0.002641161
0.002721986
0.002778247
0.002814022
0.002837792
0.002844793
0.002846034
0.002839979
0.002835866
0.002832411
0.002845168
0.002868209
0.00290976
0.002971331
0.003055951
0.003167649
0.003304578
0.0034689
0.003660033
0.003876477
0.004117757
0.004375635
0.004644118
0.004926896
0.005209005
0.005489125
0.005761079
0.006020362
0.006264633
0.006485431
0.006686103
0.006861694
0.007006236
0.007122155
0.007210496
0.007264659
0.007288171
0.007283711
0.007248828
0.007183409
0.007090287
0.006970692
0.006826346
0.006655869
0.006462176
0.006244741
0.006007927
0.005754667
0.005480428
0.005196234
0.004895727
0.004589796
0.004275829
0.003961195
0.003647299
0.003339741
0.003039329
0.002751744
0.002476876
0.002220324
0.001978651
0.001756481
0.001552128
0.001361291
0.001184843
0.00101804
0.0008597282
0.0007032756
0.0005477501
0.0003911284
0.0002248277
4.921194E-05
-0.0001360874
-0.0003438943
-0.0005650406
-0.0008062706
-0.00107393
-0.00136125
-0.001673483
-0.002009195
-0.002371394
-0.002758396
-0.003170243
-0.003601044
-0.004052372
-0.004515034
-0.004981468
-0.005447374
-0.005911175
-0.006361699
-0.006795535
-0.007202788
-0.007585288
-0.007937495
-0.008255516
-0.008534494
-0.008773032
-0.008972002
-0.009130643
-0.009249501
-0.009330397
-0.009373147
-0.009383571
-0.009362464
-0.009317117
-0.009249941
-0.009160078
-0.009055685
-0.008938964
-0.008810181
-0.008672513
-0.00852703
-0.008371885
-0.00821147
-0.008041842
-0.007862409
-0.007674071
-0.007470184
-0.007253601
-0.007022067
-0.006776787
-0.006515792
-0.006238927
-0.005948562
-0.00564265
-0.005324538
-0.0049907
-0.004644366
-0.004284871
-0.003916392
-0.003537358
-0.003147574
-0.002746962
-0.002338359
-0.00192202
-0.001497995
-0.001069663
-0.000631194
-0.000193802
0.0002463073
0.0006885362
0.001132423
0.001567914
0.001999042
0.002419971
0.002827957
0.003223044
0.003597494
0.003949315
0.004279998
0.004584904
0.004865085
0.005114087
0.005333062
0.005522479
0.005677896
0.005808213
0.005906208
0.005978773
0.006026548
0.006048865
0.006055433
0.006040533
0.006010686
0.00597811
0.005933794
0.005887161
0.005841553
0.005797456
0.005761758
0.005735566
0.005718793
0.005716513
0.005728196
0.005753369
0.005789853
0.005837766
0.005895216
0.005958548
0.006022942
0.006088569
0.006147888
0.006200147
0.006240396
0.006267029
0.006279376
0.006271297
0.006240055
0.006189114
0.006109473
0.006004116
0.005874551
0.005712547
0.005529499
0.00531623
0.005071016
0.004803382
0.004507544
0.004190302
0.003850443
0.003484856
0.003103156
0.00270758
0.002297872
0.001879177
0.001452888
0.001026315
0.000601445
0.0001785621
-0.0002332746
-0.0006326795
-0.001018122
-0.001380365
-0.001723137
-0.002038336
-0.002327055
-0.002587935
-0.002810282
-0.003002131
-0.003162348
-0.003290577
-0.003385636
-0.003449406
-0.003490038
-0.00350058
-0.003492422
-0.003460532
-0.003406554
-0.003337953
-0.003252961
-0.003151912
-0.003040565
-0.00291565
-0.002782164
-0.002638932
-0.002485514
-0.002328067
-0.002163077
-0.001996544
-0.001828051
-0.001661451
-0.001493179
-0.00133322
-0.001178674
-0.001037746
-0.0009058789
-0.0007912787
-0.0006880019
-0.0005994843
-0.0005260166
-0.000465599
-0.0004184841
-0.0003835961
-0.0003562321
-0.0003388106
-0.0003294843
-0.0003246325
-0.0003266658
-0.0003348273
-0.0003496133
-0.0003720187
-0.0004027444
-0.0004467884
-0.0004985928
-0.000572174
-0.0006524263
-0.0007533635
-0.0008641807
-0.0009906614
-0.001130168
-0.00128527
-0.001449773
-0.001625597
-0.00180959
-0.002001701
-0.002198056
-0.002395612
-0.002591172
-0.002783104
-0.002968166
-0.003143984
-0.003306766
-0.003452906
-0.003582906
-0.003691219
-0.003780502
-0.003847862
-0.003893709
-0.00392185
-0.003932442
-0.003925776
-0.003905437
-0.003874442
-0.00383305
-0.003782738
-0.003725185
-0.003664192
-0.003594081
-0.003522544
-0.003451081
-0.003382251
-0.003311004
-0.003243263
-0.003181628
-0.003122841
-0.0030697
-0.003017768
-0.002974144
-0.002936662
-0.002902841
-0.00287162
-0.002853169
-0.002835784
-0.002822973
-0.002817451
-0.002819313
-0.002826462
-0.002839723
-0.002858084
-0.002879957
-0.002906121
-0.002930742
-0.002957232
-0.0029788
-0.002999206
-0.003009062
-0.003014737
-0.003007631
-0.002990903
-0.002955726
-0.002908924
-0.002843942
-0.002758219
-0.002658022
-0.002536863
-0.002391539
-0.002234406
-0.002053081
-0.001856679
-0.001645502
-0.001414932
-0.001170476
-0.0009159237
-0.0006461202
-0.0003685861
-8.431394E-05
0.0002059607
0.0005038734
0.000800283
0.001099703
0.001398561
0.001690902
0.001978295
0.002261766
0.002541097
0.002808527
0.003070398
0.003318197
0.00355731
0.00378464
0.003999208
0.004200665
0.00438547
0.004556549
0.004712177
0.004853967
0.004979532
0.005097535
0.005202859
0.005297881
0.005388513
0.005469785
0.005544927
0.005613668
0.005677208
0.005736512
0.005791752
0.005838836
0.005878684
0.00591095
0.005933675
0.005946291
0.005948004
0.005939472
0.005919043
0.005880381
0.005831339
0.005766391
0.005686922
0.005588566
0.005473016
0.005340619
0.005190718
0.00502237
0.004835355
0.004630716
0.00440832
0.004171514
0.00391986
0.003657238
0.003381549
0.00310423
0.002819239
0.002536654
0.00225669
0.00198343
0.001712468
0.001458682
0.001209596
0.0009761882
0.0007610832
0.0005533229
0.0003682338
0.0001962916
4.65582E-05
-9.299401E-05
-0.0002105525
-0.0003137701
-0.0003968983
-0.0004616519
-0.0005103078
-0.0005418377
-0.0005584241
-0.0005605752
-0.0005508847
-0.0005307088
-0.0005012093
-0.000466378
-0.0004290132
-0.0003925859
-0.0003570667
-0.0003277105
-0.0003109226
-0.0003044111
-0.0003122038
-0.0003379824
-0.0003811932
-0.0004458715
-0.0005283704
-0.0006281892
-0.0007440958
-0.0008716802
-0.001011
-0.001154358
-0.001302145
-0.001452745
-0.00160253
-0.001751143
-0.001892726
-0.002028528
-0.002157261
-0.002277306
-0.002386686
-0.002486826
-0.002575505
-0.002652409
-0.002718365
-0.002772012
-0.00281198
-0.002838073
-0.002851351
-0.002848243
-0.002833918
-0.002804918
-0.002761507
-0.002702869
-0.002637906
-0.002565617
-0.002485772
-0.002402847
-0.002315982
-0.002230518
-0.002146168
-0.002064949
-0.001988449
-0.001917239
-0.001855017
-0.001791499
-0.001737492
-0.00168968
-0.001648016
-0.001617606
-0.001593376
-0.001582125
-0.001582027
-0.001598243
-0.001629658
-0.001682832
-0.001756785
-0.001850984
-0.001964841
-0.002099226
-0.00225297
-0.00242415
-0.002607188
-0.002799886
-0.002998777
-0.003199346
-0.003399157
-0.003590978
-0.003775784
-0.003948284
-0.004105041
-0.004246891
-0.004372348
-0.004481317
-0.004571304
-0.004649036
-0.004710465
-0.004757528
-0.004797336
-0.004825961
-0.004845911
-0.00485513
-0.004858905
-0.004856809
-0.004849889
-0.004835003
-0.004815184
-0.004789414
-0.004757605
-0.00471794
-0.004669404
-0.004616199
-0.004559324
-0.004492322
-0.004416777
-0.004340387
-0.00425804
-0.004172788
-0.004086307
-0.003997535
-0.003908195
-0.003821781
-0.003730342
-0.00364106
-0.00355159
-0.003462341
-0.003371822
-0.003277136
-0.003178381
-0.003075693
-0.002964699
-0.002844791
-0.002715857
-0.002575357
-0.002425876
-0.002267869
-0.002097085
-0.001917042
-0.001725947
-0.001526521
-0.001317238
-0.001105031
-0.0008850276
-0.000664328
-0.0004418905
-0.0002175887
4.317748E-06
0.0002239819
0.0004375677
0.0006479549
0.0008522092
0.0010479
0.00123262
0.00140883
0.001578871
0.001735595
0.001880808
0.002015478
0.002137297
0.002248194
0.002353843
0.002451318
0.002538692
0.002628148
0.002712972
0.002798021
0.002890887
0.00298524
0.003087866
0.003201583
0.003317495
0.003445456
0.003583529
0.003727918
0.003880379
0.004036076
0.004195625
0.004353396
0.004515257
0.004667595
0.004817143
0.004958143
0.00509057
0.005218323
0.005336773
0.005445326
0.005547554
0.005639271
0.005724085
0.005796776
0.005860774
0.005913301
0.005949504
0.005968248
0.005966826
0.005948288
0.005905173
0.005841623
0.00575345
0.005640632
0.005507741
0.005349001
0.005173807
0.004982923
0.004782476
0.00457538
0.004362398
0.004151738
0.003940355
0.003733635
0.003531538
0.003336007
0.003148446
0.002967166
0.002788735
0.002615961
0.002450282
0.002288142
0.00212436
0.001966245
0.001810049
0.00165195
0.001496809
0.001343622
0.00119086
0.001039574
0.0008889423
0.0007388421
0.0005901788
0.0004382449
0.0002897132
0.0001415274
-8.436374E-06
-0.0001540298
-0.0003032806
-0.0004457266
-0.0005889143
-0.0007282434
-0.0008628796
-0.000992622
-0.001119252
-0.001232554
-0.001341065
-0.001437802
-0.001525325
-0.001598794
-0.001662715
-0.001708995
-0.001743247
-0.001762192
-0.001766593
-0.00175538
-0.001728553
-0.001691226
-0.001644264
-0.001584058
-0.001520087
-0.001452368
-0.00138112
-0.001314091
-0.001247293
-0.001187221
-0.001139736
-0.001098799
-0.001071513
-0.001056502
-0.001052314
-0.001062868
-0.001084895
-0.001120494
-0.001172159
-0.00123227
-0.001302941
-0.001384998
-0.001477647
-0.00157847
-0.001687767
-0.001802955
-0.001917018
-0.00203711
-0.002149882
-0.002258926
-0.002361715
-0.00245654
-0.002538098
-0.002609744
-0.002666934
-0.00271235
-0.002748301
-0.002773897
-0.00279245
-0.002806559
-0.002818007
-0.002829723
-0.002843804
-0.002866531
-0.002895688
-0.002934897
-0.002988235
-0.003048516
-0.003124287
-0.003211072
-0.003309725
-0.003419411
-0.003539733
-0.003671242
-0.003810591
-0.003960798
-0.004117845
-0.004287458
-0.004462265
-0.004646006
-0.004835985
-0.005033668
-0.005235407
-0.005440724
-0.005645721
-0.005851155
-0.006052217
-0.006248886
-0.006436587
-0.006615336
-0.006782543
-0.006936706
-0.007076841
-0.007203769
-0.007309235
-0.007401958
-0.007474951
-0.007531205
-0.007567576
-0.007587099
-0.007589272
-0.007573993
-0.00754179
-0.007492736
-0.007427595
-0.007345646
-0.00724522
-0.007134391
-0.007007996
-0.006869798
-0.006723331
-0.00656733
-0.00640546
-0.006239583
-0.006071628
-0.005901382
-0.005731234
-0.005561092
-0.00539416
-0.005219927
-0.005050179
-0.004874488
-0.004694074
-0.004503782
-0.004308762
-0.004098233
-0.00387764
-0.003643411
-0.003391912
-0.003126361
-0.002841897
-0.002540168
-0.002222351
-0.001885931
-0.001535545
-0.001168452
-0.0007918043
-0.0004039113
-6.29621E-06
0.0003998699
0.0008101579
0.001230131
0.00164946
0.002074967
0.00250326
0.002929675
0.003355878
0.003778385
0.00419806
0.004614451
0.005017688
0.005413533
0.005801184
0.006173028
0.00653332
0.006878947
0.007208809
0.007520291
0.007819082
0.008098977
0.008359521
0.008606283
0.008836545
0.009049979
0.009250328
0.009428225
0.00959562
0.009748422
0.009886927
0.01001114
0.01012214
0.01022074
0.01030873
0.01038142
0.01044588
0.01049176
0.01052902
0.01055397
0.01056468
0.01056432
0.01054938
0.01052218
0.0104821
0.0104297
0.01036234
0.0102803
0.01018347
0.01007228
0.009943624
0.009800759
0.009639196
0.009460629
0.009264747
0.00905297
0.008824041
0.008573165
0.008303006
0.008013859
0.007700766
0.007367069
0.007011369
0.006632162
0.006229716
0.005805728
0.005360687
0.004895936
0.004409669
0.003906887
0.003388106
0.00285273
0.002307452
0.001752054
0.001186501
0.0006201478
4.882962E-05
-0.0005223113
-0.001088863
-0.001650761
-0.002206085
-0.002750942
-0.003282007
-0.003800837
-0.00430327
-0.004787431
-0.005253757
-0.005699626
-0.006124401
-0.006529178
-0.006915266
-0.007282921
-0.007633697
-0.00796697
-0.00828567
-0.008589203
-0.008884604
-0.009167398
-0.009443474
-0.00971418
-0.009976817
-0.01023791
-0.01049312
-0.01074885
-0.01100147
-0.01124947
-0.01149712
-0.01173969
-0.01197992
-0.01220728
-0.01242808
-0.01264084
-0.01283927
-0.01302227
-0.01318772
-0.01333871
-0.01346749
-0.01357449
-0.01366111
-0.01372246
-0.01375961
-0.01377141
-0.01375525
-0.01371538
-0.01364713
-0.01355599
-0.01343694
-0.01329867
-0.01313271
-0.01294971
-0.01274406
-0.01251676
-0.01227008
-0.01200083
-0.01170881
-0.01139484
-0.01105685
-0.0106963
-0.01030967
-0.009902579
-0.009466244
-0.009006105
-0.008528174
-0.0080251
-0.007505914
-0.00696976
-0.00641829
-0.005855561
-0.005284007
-0.00470252
-0.004118987
-0.003535325
-0.002951548
-0.00237207
-0.001796571
-0.001231818
-0.0006763571
-0.0001316765
0.0003965175
0.0009140847
0.001410806
0.00189479
0.002360799
0.002807985
0.003237777
0.00364648
0.004037966
0.004409976
0.004764802
0.005103162
0.005417941
0.005722639
0.006009674
0.006275298
0.006530148
0.006769203
0.006995134
0.007207467
0.007408457
0.007599332
0.007783993
0.007967295
0.0081454
0.008320178
0.008496866
0.008679684
0.008862553
0.009048316
0.009237466
0.009422138
0.009607693
0.009784324
0.009951055
0.01010422
0.01023872
0.01035468
0.01044866
0.01051723
0.01056045
0.0105742
0.01056245
0.01052455
0.01045435
0.01035848
0.01023541
0.01008566
0.009910984
0.009712448
0.009493329
0.009254211
0.008996913
0.008722665
0.008434131
0.008132137
0.007815417
0.00749107
0.007152179
0.006808747
0.006455403
0.006094876
0.005733647
0.005359327
0.004985923
0.004606641
0.004224323
0.003841924
0.003456463
0.003073097
0.002687155
0.002300373
0.00191661
0.001530965
0.001147786
0.0007633936
0.0003750336
-1.450359E-05
-0.0004069298
-0.0007978409
-0.001198715
-0.001597835
-0.002001535
-0.002404364
-0.002811093
-0.003217701
-0.003623414
-0.004026007
-0.004428201
-0.004822029
-0.005213707
-0.005595162
-0.005969392
-0.006332776
-0.006684468
-0.007022065
-0.007345669
-0.007652364
-0.007944504
-0.008218396
-0.008478036
-0.008718454
-0.008943891
-0.009151496
-0.009341003
-0.009517615
-0.009677486
-0.009820173
-0.009948272
-0.01005907
-0.01015401
-0.01023095
-0.01028988
-0.0103304
-0.01034942
-0.01034871
-0.0103325
-0.01029403
-0.01023863
-0.01016653
-0.01008386
-0.009983088
-0.009874912
-0.009754621
-0.009624562
-0.009488964
-0.00934623
-0.009195363
-0.009034295
-0.008865391
-0.008689822
-0.008507373
-0.00831164
-0.008109758
-0.007901869
-0.007678405
-0.007446453
-0.007205494
-0.006954689
-0.006696813
-0.006431247
-0.006157527
-0.005876782
-0.005591458
-0.005302391
-0.005009434
-0.004717313
-0.004421844
-0.004129139
-0.003836778
-0.003550933
-0.003263983
-0.002985428
-0.002715871
-0.002450357
-0.002192974
-0.001941338
-0.001698602
-0.001459605
-0.001227912
-0.001002982
-0.0007762637
-0.0005581797
-0.0003387599
-0.0001258878
8.829516E-05
0.0002988373
0.0005105269
0.0007170672
0.0009295566
0.001139476
0.001347853
0.00155526
0.001764497
0.001969049
0.002167276
0.002365507
0.002557313
0.002739791
0.002912097
0.003074326
0.003225824
0.003363704
0.003486449
0.003597634
0.00368677
0.003764449
0.003824963
0.003868528
0.003895452
0.003907816
0.003904059
0.003888611
0.003857926
0.003817682
0.003768126
0.003707289
0.003640505
0.003566473
0.003486075
0.003404138
0.003321207
0.00323244
0.003147796
0.003058403
0.00297094
0.002884918
0.002799426
0.002715106
0.00262901
0.002544039
0.002455848
0.002367224
0.002279557
0.002188511
0.002094038
0.001999658
0.001902118
0.001802759
0.0017021
0.001598308
0.001491218
0.001383773
0.001276258
0.00116553
0.001055594
0.0009438332
0.0008295241
0.0007155483
0.0006022263
0.0004878253
0.0003727914
0.0002602264
0.0001474414
3.407456E-05
-7.414842E-05
-0.0001860779
-0.0002969416
-0.000404822
-0.0005116402
-0.0006171388
-0.0007215916
-0.00082748
-0.000930085
-0.001031881
-0.00113479
-0.001236001
-0.001336766
-0.001435539
-0.001537142
-0.001635735
-0.001728638
-0.001825172
-0.001916856
-0.002004875
-0.002089785
-0.002169651
-0.002242647
-0.002312422
-0.002375597
-0.002430735
-0.002479805
-0.002520382
-0.002552489
-0.002576349
-0.002594466
-0.002602955
-0.002603249
-0.002597432
-0.002584811
-0.00256366
-0.002535825
-0.002502022
-0.00246501
-0.002421465
-0.002375028
-0.002326211
-0.002271984
-0.002215669
-0.002158378
-0.002099243
-0.002038879
-0.001978137
-0.001914827
-0.00185253
-0.001788958
-0.001727793
-0.001665853
-0.001600136
-0.001540177
-0.00147903
-0.001416775
-0.001352731
-0.001290849
-0.001233224
-0.001176889
-0.001118541
-0.001064268
-0.001012359
-0.000963707
-0.0009154678
-0.0008722258
-0.0008315629
-0.0007919844
-0.0007549416
-0.00071951
-0.0006824899
-0.0006542054
-0.0006216118
-0.0005942996
-0.0005668682
-0.0005359607
-0.0005047946
-0.0004722496
-0.0004400762
-0.000404846
-0.0003680874
-0.0003288745
-0.0002883286
-0.0002496105
-0.0002001883
-0.0001573143
-0.0001096411
-5.734338E-05
-1.118003E-05
3.764682E-05
8.277936E-05
0.000129595
0.0001723826
0.0002123229
0.0002517671
0.0002838746
0.0003086263
0.0003303791
0.0003488614
0.00036632
0.0003706081
0.000373797
0.000373226
0.000370353
0.0003579386
0.0003449341
0.0003289271
0.0003098437
0.0002868665
0.0002653147
0.0002393515
0.0002148102
0.0001909064
0.0001593269
0.000134714
0.0001105117
8.383296E-05
5.647556E-05
3.186164E-05
2.970686E-06
-2.289505E-05
-4.827874E-05
-7.421063E-05
-0.0001003808
-0.0001293466
-0.0001562219
-0.0001861727
-0.0002173674
-0.0002455653
-0.0002761969
-0.0003078094
-0.000339247
-0.0003739458
-0.0004055186
-0.0004380512
-0.000468263
-0.000496559
-0.0005239183
-0.0005494572
-0.0005724921
-0.0005967555
-0.0006174796
-0.0006376081
-0.0006572877
-0.0006745242
-0.0006924618
-0.0007116843
-0.0007271189
-0.0007467897
-0.0007648563
-0.0007845261
-0.0008040472
-0.0008248863
-0.0008467072
-0.0008681603
-0.000889025
-0.0009136849
-0.0009344064
-0.0009561448
-0.0009773857
-0.0009987762
-0.001019697
-0.001039264
-0.001058768
-0.001077116
-0.001094445
-0.001109332
-0.001123282
-0.001138375
-0.001145332
-0.001150409
-0.001156582
-0.001157889
-0.001158733
-0.001147432
-0.001140294
-0.001127342
-0.001112473
-0.001090646
-0.001068148
-0.001045792
-0.001020618
-0.0009968112
-0.0009718455
-0.0009453769
-0.0009227264
-0.0008975903
-0.0008733069
-0.0008496051
-0.0008273423
-0.0008057665
-0.000783314
-0.0007634923
-0.0007423222
-0.0007207614
-0.0006985984
-0.0006778192
-0.0006531544
-0.0006307798
-0.0006051495
-0.0005810722
-0.0005540373
-0.0005322976
-0.0005062753
-0.0004822153
-0.0004535728
-0.0004311322
-0.0004045797
-0.0003806268
-0.0003577531
-0.000335507
-0.0003135853
-0.0002951035
-0.0002782738
-0.0002610629
-0.0002446025
-0.0002309033
-0.0002178641
-0.0002033737
-0.0001910702
-0.0001828165
-0.0001717528
-0.0001637295
-0.0001532592
-0.0001464193
-0.0001363862
-0.0001282956
-0.0001190394
-0.0001103883
-9.831957E-05
-8.820235E-05
-7.596683E-05
-7.192959E-05
-6.008988E-05
-4.734242E-05
-4.081201E-05
-3.554007E-05
-2.416524E-05
-1.89964E-05
-1.293697E-05
-1.006963E-05
-9.176564E-06
-1.127172E-05
-1.553651E-05
-2.003914E-05
-2.895755E-05
-3.89392E-05
-5.074643E-05
-6.335632E-05
-8.081293E-05
-9.956637E-05
-0.0001172365
-0.0001381132
-0.0001592541
-0.0001821935
-0.0002060471
-0.0002281372
-0.0002483409
-0.000270555
-0.0002967851
-0.0003209287
-0.000340618
-0.000364065
-0.0003860285
-0.0004100838
-0.0004321398
-0.0004553103
-0.0004770419
-0.0005007307
-0.0005213009
-0.0005435294
-0.000563733
-0.0005831018
-0.000603066
-0.0006229487
-0.0006430082
-0.0006585518
-0.0006795619
-0.0006951033
-0.0007133199
-0.0007270802
-0.000741739
-0.0007558253
-0.0007693973
-0.000780735
-0.0007903016
-0.0007999764
-0.0008086309
-0.0008137024
-0.0008171977
-0.0008213939
-0.0008264633
-0.0008307473
-0.0008343881
-0.000838469
-0.0008387649
-0.0008441692
-0.0008448481
-0.0008455338
-0.0008477863
-0.0008474349
-0.0008456949
-0.00084723
-0.0008462272
-0.0008457447
-0.0008447109
-0.0008421137
-0.000838808
-0.000836518
-0.0008313833
-0.0008252507
-0.0008162387
-0.0008093567
-0.0008004618
-0.0007913184
-0.0007753153
-0.0007618219
-0.0007461408
-0.0007289271
-0.0007096669
-0.00069091
-0.0006696415
-0.000647979
-0.0006282371
-0.0006048044
-0.0005834117
-0.0005601892
-0.0005371838
-0.0005151395
-0.0004917319
-0.0004706556
-0.0004485939
-0.0004249556
-0.0004098707
-0.0003884844
-0.0003715609
-0.0003524259
-0.0003353329
-0.0003209838
-0.0003030661
-0.000292861
-0.0002778952
-0.0002669037
-0.0002500345
-0.0002437377
-0.0002338918
-0.0002212983
-0.0002151894
-0.0002075339
-0.000199774
-0.0001954067
-0.00019096
-0.0001879981
-0.0001853984
-0.0001810791
-0.0001823308
-0.0001834958
-0.0001828866
-0.000185787
-0.0001875033
-0.0001908273
-0.0001923569
-0.000198936
-0.0002033869
-0.000209757
-0.0002157432
-0.0002245327
-0.0002341178
-0.0002402625
-0.0002473263
-0.0002583427
-0.000270062
-0.0002810502
-0.0002911871
-0.000305611
-0.0003156858
-0.0003276113
-0.0003382319
-0.0003537275
-0.0003680097
-0.0003786774
-0.0003930574
-0.0004085311
-0.0004249831
-0.0004380051
-0.0004514936
-0.0004689971
-0.0004877263
-0.0005006667
-0.0005170832
-0.0005340871
-0.000551227
-0.0005651547
-0.0005806094
-0.0006001831
-0.0006145182
-0.000631772
-0.0006430721
-0.0006582147
-0.0006721148
-0.000680908
-0.0006909102
-0.0007026435
-0.0007129324
-0.0007180459
-0.0007262299
-0.0007313287
-0.0007379727
-0.0007444519
-0.0007431194
-0.0007493144
-0.000749307
-0.0007483405
-0.0007481873
-0.0007475031
-0.0007426713
-0.0007402289
-0.0007362594
-0.0007281061
-0.0007218733
-0.0007129172
-0.0007080002
-0.0007011298
-0.0006892821
-0.0006789214
-0.0006718996
-0.000660153
-0.0006510721
-0.0006410594
-0.0006291808
