2.594974E-06
2.053298E-06
-2.454796E-06
2.509574E-07
-4.601571E-06
-2.123399E-06
-6.602364E-06
-6.470649E-06
-1.214841E-05
-9.575711E-06
-1.270188E-05
-1.196829E-05
-1.52486E-05
-1.555097E-05
-1.516312E-05
-1.951601E-05
-1.855124E-05
-1.801635E-05
-1.826621E-05
-1.546065E-05
-1.425128E-05
-1.582928E-05
-1.395851E-05
-1.594091E-05
-1.339263E-05
-1.658684E-05
-1.695399E-05
-2.298769E-05
-2.309569E-05
-2.237907E-05
-2.085161E-05
-2.008998E-05
-2.06131E-05
-1.961587E-05
-1.610875E-05
-1.038297E-05
-5.143363E-06
-1.743459E-06
3.665952E-06
7.647211E-06
1.162638E-05
1.234073E-05
1.752287E-05
1.849E-05
1.999171E-05
2.54084E-05
2.799408E-05
3.031988E-05
3.031665E-05
3.193472E-05
3.085864E-05
3.149817E-05
3.224251E-05
3.276809E-05
3.100143E-05
2.87579E-05
2.74014E-05
2.619039E-05
2.012494E-05
1.514173E-05
8.351141E-06
4.671225E-06
-5.387166E-06
-1.313913E-05
-2.524766E-05
-3.507045E-05
-4.47637E-05
-6.051119E-05
-7.429677E-05
-9.003312E-05
-0.0001024914
-0.0001180536
-0.0001311173
-0.0001414925
-0.000150313
-0.0001528075
-0.0001515939
-0.0001521266
-0.0001511578
-0.0001484175
-0.0001501549
-0.0001490596
-0.0001512622
-0.0001565922
-0.0001649646
-0.000173385
-0.0001870001
-0.0002034766
-0.0002185003
-0.0002292181
-0.0002451523
-0.0002565564
-0.0002658124
-0.0002710725
-0.000268753
-0.0002611601
-0.0002523676
-0.0002302223
-0.0002123849
-0.0001875643
-0.0001581359
-0.0001258409
-8.946431E-05
-5.164753E-05
-1.181187E-05
2.983529E-05
7.021701E-05
0.0001080503
0.0001465565
0.000182089
0.0002138758
0.0002421852
0.0002610503
0.0002728399
0.000276021
0.000282068
0.0002807495
0.0002759447
0.0002718008
0.0002702533
0.0002699521
0.0002739364
0.0002828735
0.0002971954
0.0003120975
0.0003372449
0.0003571408
0.0003815819
0.0004028609
0.0004217653
0.0004343568
0.0004417138
0.0004402189
0.0004405805
0.0004307273
0.0004222428
0.0004034295
0.0003820971
0.0003521499
0.0003179322
0.0002804706
0.0002367518
0.0001877652
0.0001362607
8.469325E-05
2.743939E-05
-2.814133E-05
-8.810913E-05
-0.0001499864
-0.0002130001
-0.0002741782
-0.0003377418
-0.0004033257
-0.000470389
-0.000541394
-0.0006154621
-0.0006919297
-0.0007705648
-0.0008491743
-0.0009302926
-0.00100951
-0.00108198
-0.001152651
-0.001219702
-0.001268957
-0.001309577
-0.001337742
-0.001356832
-0.001362262
-0.001354958
-0.001333715
-0.00130435
-0.001254751
-0.001200001
-0.001136484
-0.00107396
-0.00100273
-0.0009331289
-0.0008646076
-0.000797702
-0.0007342424
-0.0006737354
-0.0006191248
-0.0005680912
-0.0005205146
-0.0004728728
-0.0004290019
-0.0003856051
-0.0003489568
-0.0003036339
-0.0002629998
-0.0002188799
-0.000167705
-0.0001249499
-8.113131E-05
-2.522732E-05
3.290105E-05
9.319321E-05
0.0001619297
0.0002337828
0.0003111458
0.0003881032
0.0004727202
0.0005517573
0.0006298535
0.0007069878
0.0007738515
0.0008405715
0.0008971444
0.0009466774
0.0009860839
0.001016424
0.001035223
0.001045634
0.001047272
0.001038076
0.001015887
0.0009886335
0.0009494996
0.0009026517
0.0008539928
0.0007975607
0.0007383333
0.0006750986
0.0006126625
0.0005543605
0.0005038907
0.0004563574
0.0004199962
0.0003892775
0.0003642201
0.0003416598
0.0003199229
0.0003004482
0.0002731829
0.0002442105
0.0002098016
0.0001696879
0.0001261398
7.824125E-05
2.965635E-05
-2.263612E-05
-7.761588E-05
-0.0001326032
-0.0001884223
-0.0002423016
-0.0002958429
-0.0003420951
-0.000378357
-0.0004085772
-0.0004260863
-0.0004340845
-0.000423476
-0.000407774
-0.0003874579
-0.000367758
-0.0003562951
-0.0003591112
-0.0003817872
-0.0004293908
-0.0005057349
-0.0006047762
-0.0007331298
-0.0008720891
-0.001030497
-0.00118671
-0.001348517
-0.001501028
-0.001641232
-0.001761291
-0.001851846
-0.001916507
-0.001947237
-0.001944683
-0.001907256
-0.001838171
-0.001743729
-0.001627146
-0.001494963
-0.001346747
-0.00119233
-0.001031743
-0.0008705163
-0.0007149775
-0.0005649985
-0.0004339261
-0.0003157567
-0.000220153
-0.0001451093
-9.33095E-05
-5.869825E-05
-4.576677E-05
-5.624476E-05
-7.647338E-05
-0.0001108431
-0.0001496381
-0.000190869
-0.0002268866
-0.0002562506
-0.0002741752
-0.0002754004
-0.0002521383
-0.0002050832
-0.0001317896
-3.120713E-05
9.655033E-05
0.000250077
0.0004212057
0.0006091761
0.0008021005
0.0009896805
0.001167732
0.00132496
0.001452319
0.001541295
0.001592029
0.001593249
0.001556005
0.001474749
0.001354667
0.001198314
0.001021624
0.0008304954
0.0006312418
0.0004334868
0.000246367
6.588779E-05
-9.164369E-05
-0.000238257
-0.0003629912
-0.0004816108
-0.0005862409
-0.0006875484
-0.0007790637
-0.0008743453
-0.0009650243
-0.001057452
-0.001149421
-0.001246599
-0.001344417
-0.001440343
-0.001536871
-0.001631771
-0.001717163
-0.00179169
-0.001860211
-0.001912623
-0.001953092
-0.001983254
-0.001996859
-0.001994617
-0.001980233
-0.001952703
-0.001917901
-0.001872044
-0.001820017
-0.001760892
-0.0016981
-0.001627578
-0.001555179
-0.001480705
-0.001404089
-0.001325775
-0.001242856
-0.00116158
-0.00108186
-0.001000711
-0.0009197972
-0.0008332022
-0.0007474949
-0.0006570014
-0.000561872
-0.0004623336
-0.000358588
-0.0002443668
-0.0001301498
-5.128241E-06
0.0001202802
0.0002496792
0.0003770879
0.0005034484
0.0006218238
0.0007290978
0.0008278436
0.0009071798
0.0009729075
0.001012676
0.001039026
0.001038846
0.0010156
0.0009742632
0.0009160331
0.0008438356
0.0007656119
0.0006850689
0.0006117194
0.0005402975
0.0004836573
0.0004383137
0.0004037295
0.0003863326
0.0003824653
0.0003937974
0.000416929
0.0004517406
0.0004919352
0.0005346106
0.0005762891
0.0006112357
0.0006411297
0.0006589339
0.0006638317
0.0006514711
0.0006229221
0.0005783864
0.0005196166
0.0004488536
0.000366646
0.0002760279
0.0001773461
7.991927E-05
-1.331303E-05
-0.0001076615
-0.0001907509
-0.0002660447
-0.0003324352
-0.0003920433
-0.000443115
-0.000486727
-0.0005267092
-0.000562444
-0.0005966086
-0.0006356496
-0.000672913
-0.0007106843
-0.0007578901
-0.0007991951
-0.0008503266
-0.0009021581
-0.0009546337
-0.001008522
-0.001058588
-0.001109764
-0.001156809
-0.001201568
-0.001241978
-0.001278765
-0.001309869
-0.00133786
-0.00136032
-0.001378508
-0.001392728
-0.001403884
-0.001415299
-0.001425392
-0.001449293
-0.001471644
-0.00150817
-0.001561268
-0.001627304
-0.001709421
-0.001810369
-0.001924628
-0.002055449
-0.002198958
-0.002351848
-0.002510064
-0.002673954
-0.002838882
-0.0029951
-0.00314843
-0.003294277
-0.003430265
-0.003552554
-0.003661529
-0.00375655
-0.003832777
-0.00389197
-0.003932085
-0.003949217
-0.003951962
-0.003929951
-0.003889904
-0.003834615
-0.003752809
-0.003656505
-0.003549454
-0.003424858
-0.003291259
-0.003148603
-0.00299961
-0.002845236
-0.002688295
-0.002530074
-0.00236936
-0.00220939
-0.002049352
-0.001889038
-0.001732631
-0.001575487
-0.001416252
-0.001256905
-0.001091249
-0.0009249013
-0.0007536626
-0.0005777272
-0.0003964756
-0.0002050111
-1.181359E-05
0.0001862138
0.0003878566
0.0005953893
0.0008027037
0.001009302
0.001209554
0.001405011
0.001592528
0.00176836
0.001933687
0.002085995
0.002222341
0.002348076
0.002454393
0.002543043
0.002620383
0.002682947
0.002728361
0.002763948
0.002783826
0.00279577
0.002797803
0.00278957
0.002769822
0.00274017
0.00269864
0.002644043
0.002574339
0.002489201
0.002389164
0.002272233
0.002138487
0.001987137
0.001824333
0.001645592
0.00145617
0.001256061
0.001048954
0.0008330239
0.0006111513
0.0003856715
0.0001531609
-7.859443E-05
-0.0003153427
-0.000555338
-0.0007970714
-0.001040996
-0.001286159
-0.001535784
-0.001786747
-0.002033825
-0.002276921
-0.002515636
-0.002749757
-0.002973157
-0.003186123
-0.00338437
-0.003569226
-0.003738225
-0.003895684
-0.004042151
-0.004177555
-0.004302952
-0.004422827
-0.004537592
-0.004650446
-0.004756069
-0.004860678
-0.004961172
-0.005054469
-0.005139061
-0.005214529
-0.005277953
-0.005329152
-0.005359724
-0.005378006
-0.005376987
-0.005364208
-0.005332524
-0.005288158
-0.005232207
-0.005163895
-0.005087939
-0.004998223
-0.004896438
-0.004780774
-0.00465266
-0.004509636
-0.004348547
-0.004167251
-0.003965881
-0.003739243
-0.003493878
-0.003224401
-0.002932163
-0.002618891
-0.002287025
-0.001940457
-0.001581067
-0.001210698
-0.0008347838
-0.000457574
-7.936141E-05
0.000294883
0.0006621344
0.001019372
0.001367889
0.001698704
0.002015386
0.002314609
0.002594265
0.002850815
0.003085529
0.003296347
0.003482074
0.003639487
0.003770678
0.003867507
0.00393381
0.003970433
0.003974551
0.003951788
0.003899617
0.003823457
0.003728393
0.003619023
0.003494662
0.003366359
0.003233487
0.003099605
0.002967607
0.002837564
0.002708441
0.002579505
0.002451018
0.002320571
0.002181354
0.002036323
0.001878737
0.001711763
0.001533047
0.001342403
0.001140397
0.0009238513
0.000695201
0.0004518395
0.0001985901
-7.555449E-05
-0.0003583079
-0.0006602625
-0.0009734373
-0.001301634
-0.001644653
-0.001995476
-0.002355188
-0.002724351
-0.003094557
-0.003464878
-0.003835134
-0.004196116
-0.004546968
-0.004884175
-0.005203674
-0.005502013
-0.00577801
-0.00602867
-0.006253208
-0.00645007
-0.006620854
-0.006766009
-0.006877865
-0.006965552
-0.007029439
-0.007070214
-0.007087007
-0.007086392
-0.007067692
-0.007035722
-0.006987117
-0.006927319
-0.006854799
-0.006767738
-0.006666868
-0.006550662
-0.006415889
-0.006265837
-0.006096954
-0.005913557
-0.005713847
-0.00549522
-0.005259162
-0.005012861
-0.004754209
-0.004486474
-0.004208497
-0.003923512
-0.003635256
-0.003342526
-0.003046902
-0.002751937
-0.002455264
-0.002161738
-0.001873839
-0.001593615
-0.001314923
-0.001048431
-0.0007931719
-0.0005412454
-0.0003021788
-7.215547E-05
0.000154562
0.0003738686
0.0005884924
0.0008043502
0.001022655
0.001241712
0.001465436
0.001690452
0.001925714
0.002161073
0.002401409
0.002650331
0.002897364
0.003135373
0.003374796
0.00360047
0.003808085
0.003997536
0.004162384
0.004298222
0.004404372
0.004475174
0.00450871
0.004508157
0.004470918
0.00439367
0.004286825
0.00414894
0.003984184
0.003796161
0.003590268
0.003373032
0.003144553
0.002912349
0.002677704
0.00244373
0.002210632
0.00198069
0.001751837
0.001524605
0.001297914
0.001071313
0.0008449377
0.0006202642
0.0003930248
0.000167788
-5.880808E-05
-0.000284146
-0.0005102408
-0.0007344409
-0.000965227
-0.001192322
-0.001423248
-0.001660246
-0.001895811
-0.002134035
-0.002379767
-0.002634173
-0.002888924
-0.003144994
-0.00340773
-0.003667464
-0.003924056
-0.004179296
-0.004425741
-0.004663898
-0.004887519
-0.005097367
-0.005289696
-0.005459011
-0.005607245
-0.005727107
-0.005825038
-0.005893076
-0.005937067
-0.005956205
-0.005943927
-0.005906459
-0.005845578
-0.005764415
-0.005661328
-0.005538329
-0.005396312
-0.005236494
-0.005058726
-0.004863697
-0.004653854
-0.004430383
-0.004193348
-0.003946201
-0.003689154
-0.003423681
-0.003154722
-0.002883191
-0.00261076
-0.002337012
-0.002068089
-0.001803633
-0.001544272
-0.001294296
-0.001051256
-0.0008167725
-0.0005934638
-0.0003810762
-0.0001778404
1.450023E-05
0.0001984446
0.0003692197
0.0005290362
0.0006816023
0.0008249216
0.0009541159
0.00107431
0.001183117
0.001283079
0.001369879
0.001449918
0.001522514
0.001589062
0.001651174
0.001712716
0.001774658
0.001838182
0.001906619
0.001981618
0.002059232
0.002144368
0.002227995
0.002314389
0.002401851
0.002485397
0.002551845
0.00261274
0.002652421
0.00267505
0.002671293
0.00264501
0.002590951
0.002505199
0.002390321
0.002246754
0.002073884
0.001875786
0.001648389
0.001401848
0.001133077
0.0008469658
0.0005462783
0.0002332479
-8.456406E-05
-0.0004053175
-0.0007286925
-0.001043623
-0.001354098
-0.001659477
-0.001952104
-0.002232998
-0.002500925
-0.002754598
-0.002991498
-0.003216794
-0.003427614
-0.003625143
-0.00381432
-0.003995143
-0.004170188
-0.004336483
-0.00450096
-0.004658354
-0.004810315
-0.004964927
-0.00510859
-0.005248919
-0.005384348
-0.005510537
-0.005624794
-0.005729408
-0.005816114
-0.005890048
-0.005939223
-0.005970818
-0.005980672
-0.005972663
-0.005942297
-0.00589338
-0.005829439
-0.005748991
-0.005656625
-0.005555868
-0.005442998
-0.005322505
-0.005192688
-0.005050883
-0.004901038
-0.00473836
-0.004566057
-0.00438466
-0.004191129
-0.003988639
-0.00377958
-0.003561398
-0.003342109
-0.003116658
-0.002885326
-0.002655816
-0.002427572
-0.002196955
-0.00196882
-0.001744197
-0.001521434
-0.001304364
-0.001090787
-0.0008866006
-0.0006826256
-0.0004862821
-0.0002958832
-0.0001089624
7.274629E-05
0.0002518203
0.0004278299
0.000599762
0.0007700454
0.0009374525
0.001105241
0.001269135
0.001431372
0.001588375
0.001739166
0.001884339
0.002021795
0.002145579
0.002262799
0.002362286
0.002449123
0.002515416
0.00257125
0.002603641
0.002613121
0.002606311
0.002575061
0.002524562
0.002449275
0.002360745
0.002252772
0.002131315
0.001998421
0.001858598
0.001714009
0.001573394
0.001439053
0.00131304
0.001195517
0.001088167
0.0009912313
0.0009077453
0.0008279992
0.0007550275
0.0006833862
0.0006147006
0.0005401805
0.0004580225
0.0003707503
0.0002707914
0.0001588489
3.840397E-05
-9.62514E-05
-0.0002383848
-0.0003907588
-0.0005494873
-0.0007122551
-0.0008767407
-0.001040508
-0.001207708
-0.001371178
-0.001532042
-0.001690491
-0.0018502
-0.002008562
-0.002167161
-0.00232829
-0.002490882
-0.002657
-0.002823945
-0.002991355
-0.003157868
-0.00331722
-0.003475121
-0.003618145
-0.003746281
-0.00386931
-0.003968715
-0.004055192
-0.004122784
-0.004174666
-0.004211141
-0.004232702
-0.004238272
-0.004233967
-0.004223056
-0.004199016
-0.004167494
-0.004128525
-0.00407767
-0.004020084
-0.003950036
-0.003871178
-0.00377974
-0.003678873
-0.003566792
-0.003443092
-0.003310978
-0.003170668
-0.003021621
-0.002867767
-0.002707125
-0.002545081
-0.002380772
-0.002211395
-0.002045999
-0.001882651
-0.001720471
-0.001561885
-0.001408205
-0.001257949
-0.001113057
-0.0009749473
-0.0008400519
-0.0007116409
-0.0005844933
-0.000462467
-0.0003408514
-0.0002188696
-9.873218E-05
2.288797E-05
0.0001467491
0.0002753635
0.0004053816
0.0005425457
0.0006774899
0.0008117828
0.0009486206
0.001080686
0.0012121
0.001336861
0.001453881
0.001564878
0.001662021
0.00175045
0.001826267
0.001888805
0.001936666
0.001970027
0.001987535
0.001988382
0.00197227
0.001942309
0.001896489
0.001837285
0.001764037
0.001677814
0.001579732
0.001473117
0.001356974
0.001233542
0.001105254
0.0009687839
0.0008341737
0.0006873421
0.0005411413
0.0003897998
0.0002333133
7.249293E-05
-9.413447E-05
-0.0002665768
-0.0004481856
-0.0006366182
-0.0008339727
-0.001041424
-0.001256692
-0.001481381
-0.001709188
-0.001948426
-0.002192133
-0.002437442
-0.002684346
-0.002934951
-0.00318096
-0.003422267
-0.003662443
-0.003896632
-0.004126633
-0.004345253
-0.004554689
-0.004756375
-0.004950091
-0.005131369
-0.005299649
-0.005459069
-0.005603948
-0.005734204
-0.00585608
-0.005957343
-0.006047482
-0.006122765
-0.006181025
-0.006226612
-0.006254924
-0.006266277
-0.006263403
-0.006240898
-0.006203982
-0.006146981
-0.006072559
-0.005981572
-0.005871602
-0.005740945
-0.005595206
-0.005432008
-0.005253679
-0.00506033
-0.004855548
-0.004639898
-0.004414099
-0.00418227
-0.003945392
-0.003705336
-0.003464027
-0.003224661
-0.002987687
-0.002752629
-0.002522683
-0.002298356
-0.002077956
-0.00186521
-0.00165456
-0.001445975
-0.001239576
-0.001033172
-0.0008237432
-0.000611103
-0.0003964293
-0.0001779624
5.137585E-05
0.0002837125
0.0005234103
0.0007668915
0.001013434
0.001262269
0.001513508
0.001757739
0.001997051
0.002224646
0.002444712
0.002646472
0.002832225
0.003000607
0.003150194
0.00327914
0.003386216
0.003471403
0.003534182
0.003576627
0.003597815
0.003599112
0.003580636
0.003545853
0.003491815
0.003422409
0.003338843
0.003240678
0.003130121
0.003010707
0.002879955
0.002739709
0.002596257
0.002446077
0.002291566
0.002135295
0.001976432
0.001817423
0.001657701
0.001496027
0.001335618
0.001174401
0.001011523
0.0008455234
0.0006766507
0.0005035896
0.0003260911
0.0001441326
-4.481478E-05
-0.0002403191
-0.0004439436
-0.0006545059
-0.000875379
-0.00110466
-0.001345661
-0.001593111
-0.001853071
-0.002119923
-0.002398097
-0.0026836
-0.002979227
-0.003283815
-0.00359467
-0.003912068
-0.004233019
-0.004557781
-0.004881983
-0.005201712
-0.005514727
-0.005825521
-0.006117751
-0.006401409
-0.006665582
-0.006916905
-0.007150277
-0.007360313
-0.007554238
-0.007726287
-0.0078776
-0.008007491
-0.008118156
-0.008209182
-0.008283007
-0.008341502
-0.008380813
-0.008407524
-0.008419494
-0.008417645
-0.008406136
-0.008377736
-0.008341017
-0.008289529
-0.008228525
-0.008153065
-0.008065974
-0.007964402
-0.007847835
-0.007717042
-0.007572485
-0.007412159
-0.007237088
-0.007044928
-0.006836329
-0.006619707
-0.006388457
-0.006145006
-0.005890442
-0.005626344
-0.005352295
-0.005070117
-0.004779999
-0.004480002
-0.004175161
-0.003862773
-0.003550082
-0.003233886
-0.002918721
-0.002606492
-0.002300046
-0.002002247
-0.001714039
-0.001436908
-0.001172574
-0.0009170084
-0.0006726446
-0.0004396039
-0.0002130583
8.368671E-06
0.0002213751
0.0004340573
0.0006427158
0.0008512034
0.001059354
0.00126957
0.001481145
0.001696279
0.001909023
0.00213763
0.002361248
0.002592022
0.002825184
0.003064367
0.003307249
0.003555123
0.003797306
0.004042667
0.004276308
0.004506073
0.00471982
0.004919266
0.005100692
0.005260973
0.005400374
0.005515911
0.005609283
0.005676409
0.005723327
0.005746184
0.005745485
0.00572384
0.005679663
0.005617042
0.00553452
0.005429383
0.005311162
0.005170034
0.005012041
0.004838738
0.004646207
0.004439229
0.004216748
0.0039787
0.003726505
0.003461598
0.003185153
0.002897363
0.002599277
0.002294833
0.001980476
0.001660116
0.001336084
0.001008351
0.0006783835
0.000349054
1.973057E-05
-0.0003061917
-0.0006298992
-0.0009482069
-0.001262561
-0.001572686
-0.001874287
-0.002170985
-0.002459925
-0.002742795
-0.003016535
-0.003282523
-0.003541861
-0.003794045
-0.004035131
-0.0042737
-0.00450054
-0.004723548
-0.004943764
-0.005161725
-0.005374868
-0.005589983
-0.005807834
-0.00602782
-0.006250703
-0.006475451
-0.006701641
-0.006930469
-0.007156344
-0.007380748
-0.007602547
-0.007818003
-0.008023343
-0.008219379
-0.008402843
-0.008569497
-0.008721006
-0.008854392
-0.008970264
-0.009064954
-0.00913835
-0.009191641
-0.009221167
-0.00923096
-0.009218415
-0.009184572
-0.009132855
-0.009060383
-0.008970599
-0.008861687
-0.008738624
-0.008596038
-0.008441244
-0.00827201
-0.008088389
-0.007891106
-0.007683031
-0.007462288
-0.007229986
-0.006986742
-0.006732848
-0.006469107
-0.006193831
-0.00591168
-0.005618592
-0.005318336
-0.005010992
-0.004694729
-0.004372335
-0.0040446
-0.003710837
-0.003372222
-0.003029001
-0.002685536
-0.002340028
-0.001994697
-0.001652325
-0.001315738
-0.000986249
-0.0006649878
-0.0003547554
-5.720746E-05
0.0002266517
0.0004934877
0.0007436053
0.0009806396
0.001196462
0.001395721
0.001577963
0.001742518
0.001891828
0.002023571
0.002144039
0.002246497
0.002343856
0.002429499
0.002505713
0.002576388
0.002644961
0.002714236
0.002784712
0.002856965
0.002938664
0.003021973
0.003112175
0.00320967
0.003308924
0.003408216
0.003506965
0.003598723
0.00368113
0.003753149
0.003807828
0.003853268
0.00387481
0.003880471
0.003865476
0.003830168
0.003778601
0.003702887
0.003615004
0.003509172
0.003386465
0.003248155
0.003091132
0.002920842
0.002735166
0.002533862
0.002318385
0.002094053
0.001855771
0.00161202
0.00136501
0.001111994
0.0008587019
0.0006070309
0.0003561802
0.0001055281
-0.0001422066
-0.0003885152
-0.0006326262
-0.0008758655
-0.001116967
-0.001358255
-0.001598438
-0.001837326
-0.002075822
-0.002313926
-0.00255085
-0.00278653
-0.003016244
-0.003248655
-0.003476536
-0.003697856
-0.00391392
-0.004121476
-0.004326095
-0.00451464
-0.004697585
-0.004867475
-0.005027896
-0.005175345
-0.005310882
-0.005435151
-0.005549257
-0.005652437
-0.005745514
-0.005830051
-0.005905601
-0.005976187
-0.00603949
-0.00609862
-0.006149431
-0.006199863
-0.006248375
-0.006293772
-0.006339392
-0.006381493
-0.006419597
-0.006451792
-0.006482104
-0.006504486
-0.006521598
-0.006526208
-0.006526866
-0.00651604
-0.006499096
-0.006466469
-0.006427248
-0.006375016
-0.006312628
-0.00623828
-0.006152593
-0.006056655
-0.005949386
-0.005832578
-0.005704575
-0.00556942
-0.00542555
-0.005272428
-0.005111395
-0.004944009
-0.004770243
-0.004594974
-0.004409625
-0.004224119
-0.004033968
-0.003841144
-0.003645414
-0.003445043
-0.003244101
-0.003044606
-0.002844402
-0.00263994
-0.002439472
-0.002239128
-0.002038885
-0.001842668
-0.001650986
-0.001463361
-0.001281578
-0.0011037
-0.0009343573
-0.0007710589
-0.0006139451
-0.0004651044
-0.0003258685
-0.0001981289
-7.618649E-05
3.927702E-05
0.0001437858
0.0002419294
0.0003307342
0.000415005
0.0004925188
0.0005669602
0.0006354466
0.0007028859
0.0007677963
0.0008313896
0.0008941315
0.0009538726
0.001020961
0.001083791
0.001147006
0.001216018
0.00128546
0.001352657
0.001419136
0.001487848
0.001555143
0.001620826
0.001679692
0.001740191
0.001791864
0.001835027
0.001870655
0.001896882
0.001912355
0.001920685
0.001911261
0.001897504
0.001869369
0.001831217
0.00178681
0.001729461
0.001666291
0.001594233
0.001515009
0.001429631
0.001338482
0.001240547
0.001136809
0.001027444
0.0009115927
0.0007917681
0.0006653466
0.0005361456
0.0004011887
0.0002615414
0.0001183226
-2.540273E-05
-0.0001743897
-0.0003240345
-0.0004766192
-0.0006326815
-0.0007869224
-0.0009422524
-0.001098769
-0.0012552
-0.001409741
-0.001565697
-0.001721084
-0.0018775
-0.002032226
-0.002183178
-0.002334457
-0.002482728
-0.002629712
-0.002773975
-0.0029116
-0.003049383
-0.003176987
-0.003305356
-0.003422379
-0.003538447
-0.003647289
-0.003748887
-0.003844199
-0.003931518
-0.004013387
-0.004090402
-0.004158587
-0.004222672
-0.004278428
-0.004327738
-0.004371268
-0.004410513
-0.004440721
-0.004472742
-0.004495432
-0.004512047
-0.004526499
-0.004538817
-0.004545771
-0.004550621
-0.004548072
-0.00454521
-0.004534666
-0.004513386
-0.004491225
-0.004459789
-0.004417439
-0.00437064
-0.004314886
-0.004251617
-0.004179433
-0.004100183
-0.004014754
-0.003921242
-0.003821578
-0.003716252
-0.003605384
-0.003489779
-0.003369998
-0.003245324
-0.003119126
-0.002988008
-0.002855738
-0.002722987
-0.002586811
-0.002452075
-0.00231718
-0.002184865
-0.002052142
-0.001922284
-0.001794918
-0.001670648
-0.001550554
-0.001431291
-0.001317262
-0.001209869
-0.001101137
-0.0009993799
-0.0008997305
-0.0008060075
-0.0007121552
-0.0006273863
-0.0005477848
-0.0004732678
-0.0004011834
-0.0003413669
-0.0002809113
-0.0002308862
-0.0001825125
-0.0001414661
-0.0001079256
-8.22741E-05
-5.883689E-05
-3.801203E-05
-2.308036E-05
-1.177439E-05
-3.717767E-06
2.508603E-06
7.337921E-06
9.703811E-06
1.403274E-05
1.245259E-05
1.421052E-05
1.535336E-05
1.282549E-05
1.293988E-05
1.367194E-05
1.300007E-05
1.627962E-05
1.520155E-05
1.324308E-05
1.354621E-05
9.728611E-06
4.484658E-06
2.576768E-06
-9.109477E-06
-1.765945E-05
-3.259122E-05
-5.447548E-05
-7.302532E-05
-0.0001046469
-0.000134624
-0.000169045
-0.0002084523
-0.0002514916
-0.0002977401
-0.0003479372
-0.0004003977
-0.0004538776
-0.0005113455
-0.0005709346
-0.0006304455
-0.0006921228
-0.0007538967
-0.0008167058
-0.0008816463
-0.000946008
-0.001012007
-0.001079916
-0.001146558
-0.001213975
-0.001281454
-0.001348366
-0.001414703
-0.001484907
-0.001551734
-0.001614383
-0.001677017
-0.001739091
-0.001797617
-0.001852933
-0.0019066
-0.001958975
-0.002008488
-0.002053275
-0.002095096
-0.002135737
-0.002171284
-0.002202807
-0.002234156
-0.002262354
-0.002288375
-0.002309675
-0.002327709
-0.002344363
-0.002358352
-0.002366268
-0.002379
-0.00238421
-0.002392303
-0.002398062
-0.002403532
-0.002406812
-0.002408263
-0.002412312
-0.002415981
-0.002421311
-0.002427809
-0.002430772
-0.002435866
-0.002437583
-0.002438036
-0.002439732
-0.002442432
-0.002435848
-0.002436586
-0.002433899
-0.00242526
-0.002414757
-0.002401956
-0.002389651
-0.002375073
-0.002361367
-0.002342126
-0.002322511
-0.002300608
-0.002274361
-0.002249832
-0.00222147
-0.002190284
-0.002158827
-0.002126331
-0.0020924
-0.002058564
-0.002025282
-0.001991202
-0.001953068
-0.001919662
-0.001881594
-0.001842894
-0.001801858
-0.001762678
-0.001722969
-0.001680363
-0.001638248
-0.001594774
-0.001551804
-0.001509582
-0.001470101
-0.001427479
-0.001388488
-0.001351071
-0.00131546
-0.001279518
-0.001245549
-0.001215659
-0.001184845
-0.001157613
-0.001129223
-0.001105182
-0.00108122
-0.001056993
-0.001035606
-0.001016757
-0.000999864
-0.0009793626
-0.0009651083
-0.0009498447
-0.0009409855
-0.0009266812
-0.000921258
-0.0009101171
-0.0009013002
-0.0008974414
-0.0008857495
-0.0008832506
-0.0008750745
-0.0008666557
-0.0008564734
-0.0008475342
-0.0008409287
-0.0008318395
-0.0008256792
-0.0008201032
-0.0008108427
-0.0008123388
-0.0008077484
-0.0008068223
-0.0008092596
-0.0008113301
-0.0008170909
-0.0008214214
-0.0008329574
-0.0008431244
-0.0008586452
-0.0008726611
-0.0008929415
-0.0009101811
-0.0009346033
-0.0009605868
-0.0009864797
-0.001014315
-0.001045628
-0.001077936
-0.001109803
-0.001143971
-0.001177518
-0.001214844
-0.001247523
-0.001284829
-0.001317052
-0.001353643
-0.001387375
-0.001422751
-0.001456464
-0.001491261
-0.001526218
-0.001561919
-0.001596469
-0.00162993
-0.001659029
-0.001688996
-0.001717049
-0.001746303
-0.0017699
-0.00179421
-0.001817277
-0.001841351
-0.001861237
-0.001878625
-0.001899547
-0.001916138
-0.001927372
-0.001944735
-0.001957753
-0.00196871
-0.001977602
-0.001987266
-0.001997564
-0.002001375
-0.002009578
-0.002010267
-0.002012118
-0.0020116
-0.002013111
-0.002012852
-0.002013487
-0.002007406
-0.002000622
-0.002001242
-0.001996413
-0.001986493
-0.00197747
-0.001964903
-0.001951115
-0.001935934
-0.00192138
-0.001900376
-0.001884133
-0.001862966
-0.001842948
-0.001819477
-0.001798442
-0.001773494
-0.001749728
-0.001722456
-0.001697675
-0.001671411
-0.001645468
-0.001619834
-0.001591948
-0.001562465
-0.001535889
-0.001506623
-0.001478971
-0.001454834
-0.001427656
-0.001401529
-0.001378546
-0.001352647
-0.001331764
-0.001311374
-0.001290383
-0.001269668
-0.001250295
-0.001233512
-0.001218464
-0.001203396
-0.001193439
-0.001178083
-0.001169086
-0.001165138
-0.001155624
-0.001151343
-0.001146976
-0.001146105
-0.00114162
-0.001137559
-0.001132906
-0.00113397
