-3.984883E-05
1.739319E-05
-3.59411E-05
-5.98494E-07
-8.984366E-05
-5.080491E-05
-0.0001137158
-7.470157E-05
-6.248445E-05
-8.290513E-05
-2.666443E-05
-3.695938E-05
-4.128788E-05
5.369838E-05
7.656117E-05
0.0002166555
0.0002875841
0.0004759011
0.0005904619
0.0008139467
0.0009743688
0.001277265
0.001524078
0.001813511
0.002026538
0.002342073
0.002717399
0.003061709
0.003373448
0.003754945
0.004150465
0.004543355
0.004979457
0.005481947
0.005945144
0.00637321
0.006829513
0.007367124
0.007809785
0.008305694
0.008850181
0.009360562
0.009759257
0.01020889
0.01064907
0.01095584
0.01135185
0.01166578
0.01186834
0.01210806
0.01228652
0.01234682
0.01240605
0.01245603
0.01235131
0.01229126
0.01213696
0.01185873
0.01154706
0.01118848
0.0107465
0.0102473
0.009695766
0.00912324
0.008486127
0.007839944
0.007174636
0.006460187
0.005744524
0.005051252
0.004318124
0.003547146
0.002815244
0.002023674
0.001227146
0.0004045589
-0.0004500013
-0.001286176
-0.002180349
-0.003070451
-0.003953747
-0.004848267
-0.005725791
-0.00654259
-0.007366315
-0.008055494
-0.008774541
-0.009338117
-0.009893433
-0.0103986
-0.01072812
-0.01100805
-0.01124468
-0.0113079
-0.01136528
-0.01129246
-0.01107791
-0.01082004
-0.01044408
-0.009972336
-0.009404121
-0.008716881
-0.008004136
-0.007178467
-0.006313015
-0.005407736
-0.004447836
-0.003481724
-0.002480722
-0.001529268
-0.0005418352
0.0003882536
0.001293106
0.002126062
0.002916679
0.00358046
0.004298453
0.004885565
0.005433798
0.005896803
0.006262933
0.006603394
0.006863878
0.00697252
0.00706637
0.007002692
0.00686729
0.0066672
0.00639028
0.006003409
0.00565091
0.005206141
0.004832775
0.004427665
0.004060726
0.003766036
0.003486
0.003262939
0.003147286
0.003058845
0.003051492
0.003090585
0.003235848
0.00338779
0.003651364
0.003938636
0.004327836
0.004763862
0.005262003
0.005811682
0.006422551
0.007072479
0.007737744
0.008409071
0.009053324
0.009767364
0.01037419
0.0109296
0.01142006
0.01180495
0.01207609
0.01229107
0.01237645
0.01231281
0.01213398
0.01173859
0.01129028
0.01060981
0.009816617
0.008867522
0.007752128
0.006522894
0.005111201
0.003583747
0.001931954
0.0001626939
-0.001702558
-0.00362484
-0.005621169
-0.007665233
-0.009771472
-0.01183694
-0.01385736
-0.01575929
-0.01767348
-0.01947811
-0.02121555
-0.02283571
-0.02435567
-0.02573552
-0.02695281
-0.02807121
-0.02897086
-0.02977266
-0.03033025
-0.03080462
-0.03103601
-0.0311111
-0.03098257
-0.03066788
-0.03018664
-0.02951325
-0.02867175
-0.02765609
-0.02650769
-0.02522402
-0.02384076
-0.02237563
-0.02083454
-0.01922099
-0.01748918
-0.01579563
-0.01394445
-0.01209266
-0.01025114
-0.008401682
-0.006603516
-0.004856427
-0.003178907
-0.001570588
-0.0001046345
0.001281259
0.002603089
0.003825806
0.005034009
0.006140346
0.007173333
0.008204839
0.009190833
0.0101111
0.01098717
0.0117833
0.01250148
0.01313009
0.01363762
0.01408712
0.01438821
0.01469826
0.01505746
0.0154786
0.01602756
0.01668925
0.01744106
0.01827143
0.01917116
0.02014102
0.02118137
0.02217
0.02310326
0.02385296
0.02460294
0.02509419
0.02556855
0.02582799
0.02607628
0.02609785
0.02600153
0.0256637
0.02524295
0.02476452
0.0241944
0.02373243
0.02326349
0.02283729
0.02241057
0.02210772
0.02187592
0.02170997
0.02156623
0.02144813
0.02140993
0.02146227
0.02157995
0.02161251
0.02158228
0.0214089
0.02115091
0.02083229
0.0203812
0.01990375
0.01941251
0.01899604
0.01854001
0.01803117
0.01745174
0.01675141
0.01604586
0.01530244
0.01443343
0.01352726
0.01255356
0.01152485
0.01051076
0.00943643
0.008379403
0.007345922
0.006319096
0.005245788
0.00413307
0.002950105
0.001640845
0.000135617
-0.001457809
-0.003131681
-0.004857323
-0.006600737
-0.008412143
-0.01022468
-0.0121484
-0.01408242
-0.01602158
-0.01797195
-0.0199093
-0.02173208
-0.02346603
-0.02504665
-0.02649105
-0.02772527
-0.02878923
-0.02969682
-0.03050601
-0.03121891
-0.03179743
-0.03231637
-0.03276671
-0.0331872
-0.03355718
-0.03386101
-0.03399899
-0.03402172
-0.03391054
-0.03363785
-0.03320286
-0.03267384
-0.03211899
-0.03150763
-0.03092636
-0.03033773
-0.02975425
-0.02926008
-0.02881545
-0.02847987
-0.02821153
-0.02804377
-0.02795074
-0.02795211
-0.02807455
-0.02821874
-0.02858069
-0.02900487
-0.02951409
-0.03012723
-0.03082999
-0.03159815
-0.03239926
-0.03319418
-0.03400477
-0.03474601
-0.03544639
-0.03608187
-0.03660539
-0.03696639
-0.03708785
-0.03707051
-0.03679017
-0.03633955
-0.03570461
-0.03483075
-0.03370314
-0.03246559
-0.0311012
-0.02962008
-0.02805299
-0.0263855
-0.02465379
-0.02284378
-0.02094975
-0.01899095
-0.01691674
-0.01474491
-0.01248045
-0.01007706
-0.007512706
-0.004872746
-0.002087595
0.0007800251
0.003697648
0.006657082
0.009619079
0.01261404
0.01561214
0.01861722
0.02160031
0.02458811
0.0275542
0.03050553
0.0333884
0.03624492
0.03907635
0.04172463
0.04432479
0.0467785
0.04906644
0.05118988
0.05310233
0.05480818
0.0563206
0.05763889
0.05882557
0.05986577
0.06069124
0.06138836
0.06189713
0.06224485
0.06241447
0.06237796
0.06216088
0.06174411
0.06114391
0.06036316
0.05933844
0.05812534
0.05673216
0.05514038
0.05335584
0.05137188
0.04916019
0.0467887
0.04426342
0.041601
0.03879554
0.03591192
0.03294741
0.0299336
0.02685272
0.02373989
0.02061564
0.01746711
0.01430701
0.01118542
0.008061869
0.004939673
0.001914702
-0.001025191
-0.003879136
-0.006582885
-0.009145762
-0.01155228
-0.01382576
-0.01593092
-0.017907
-0.01975824
-0.02144622
-0.02300254
-0.0244493
-0.02575841
-0.02693022
-0.02800824
-0.02892053
-0.02970528
-0.03036565
-0.03089279
-0.0312726
-0.0315264
-0.03166942
-0.03170987
-0.03161217
-0.031419
-0.03107549
-0.03058884
-0.02997447
-0.02922287
-0.02835277
-0.02734512
-0.02617382
-0.0250057
-0.02372037
-0.02237578
-0.02096789
-0.01949627
-0.01799481
-0.01645667
-0.01494497
-0.01345651
-0.01197823
-0.01054173
-0.009199634
-0.008006305
-0.006854859
-0.005832699
-0.00495889
-0.00422055
-0.003682848
-0.003277457
-0.003067933
-0.002989911
-0.003072003
-0.003316307
-0.003701495
-0.004242441
-0.004924993
-0.005746445
-0.006683459
-0.007737716
-0.008903089
-0.01017337
-0.01154636
-0.01303416
-0.01462108
-0.01627543
-0.01799304
-0.01974938
-0.02147225
-0.02324685
-0.02495422
-0.02663785
-0.02822073
-0.02968371
-0.03098724
-0.03211551
-0.03306986
-0.03381414
-0.03436306
-0.03470448
-0.03484527
-0.03479475
-0.034558
-0.03417458
-0.03360405
-0.03287432
-0.03198401
-0.03090867
-0.0296878
-0.02831267
-0.02677866
-0.02511643
-0.02337331
-0.0215071
-0.01960722
-0.01768291
-0.01574301
-0.01386028
-0.01201011
-0.01023472
-0.00852331
-0.006875203
-0.005282613
-0.003732108
-0.002275934
-0.0008891273
0.000440831
0.001671678
0.002842027
0.003969942
0.004988509
0.005925714
0.006754029
0.007525009
0.008214014
0.008842168
0.009427963
0.009939301
0.0104515
0.01090501
0.01136105
0.01183638
0.01236442
0.01297987
0.01371949
0.01454693
0.015502
0.016596
0.01783361
0.01917568
0.02062461
0.02218685
0.02382243
0.02552215
0.02723831
0.02900941
0.03080636
0.03264585
0.03454826
0.0364674
0.03849737
0.04054233
0.04263943
0.0447855
0.04699847
0.04926174
0.0515213
0.05379499
0.05603581
0.05819693
0.06030524
0.06228124
0.06412956
0.06580655
0.06732246
0.06867953
0.06984281
0.07087182
0.07167263
0.07234655
0.07278533
0.07313674
0.0732086
0.07309726
0.07273225
0.07218874
0.07136475
0.07029558
0.06899671
0.0674597
0.06569419
0.06375112
0.06167148
0.05948904
0.05720947
0.05482555
0.05232236
0.04967702
0.04690553
0.04403413
0.04106881
0.03802225
0.03490163
0.03172253
0.02850692
0.0252818
0.02202984
0.01880682
0.01559937
0.01241759
0.009267524
0.006179256
0.003137174
0.000141889
-0.002806246
-0.005716958
-0.008578397
-0.0113536
-0.01407117
-0.01669021
-0.01924683
-0.02171443
-0.02408529
-0.0263192
-0.0284017
-0.03035555
-0.03217705
-0.03385975
-0.03545978
-0.03698693
-0.03844292
-0.03986394
-0.04119332
-0.04250893
-0.04376768
-0.04501887
-0.0462064
-0.04738336
-0.04849423
-0.04957137
-0.05057183
-0.05149483
-0.0523401
-0.05308786
-0.05377199
-0.05437414
-0.05489163
-0.05531604
-0.0556573
-0.05591491
-0.05607186
-0.05621588
-0.05625509
-0.05616442
-0.05603155
-0.05579838
-0.05547822
-0.05507865
-0.05458147
-0.05398386
-0.05332836
-0.0526098
-0.05180745
-0.05089979
-0.04997794
-0.04899469
-0.04800587
-0.04695192
-0.04586702
-0.04474686
-0.04355934
-0.04229444
-0.04093254
-0.03953437
-0.03807701
-0.03657505
-0.03495875
-0.03328755
-0.03156897
-0.02975569
-0.02788201
-0.02590603
-0.02389305
-0.02177588
-0.01965935
-0.01747983
-0.01526084
-0.01303106
-0.01076952
-0.008475249
-0.006171358
-0.003879992
-0.001629939
0.0005586368
0.002679918
0.004714583
0.006641669
0.008537239
0.01033717
0.01203321
0.01360676
0.0150825
0.01644227
0.01769569
0.01880692
0.01975481
0.02056498
0.02125846
0.02183527
0.02231669
0.022638
0.02282987
0.02292281
0.02289568
0.02274067
0.02249481
0.02212001
0.0216822
0.02118826
0.02067192
0.02018768
0.01971546
0.01933504
0.01902096
0.01878224
0.01864276
0.01859362
0.0186637
0.0188066
0.01906369
0.01943614
0.0199183
0.02052535
0.02123376
0.0220633
0.02300919
0.02416554
0.02543681
0.02689164
0.02849148
0.0302453
0.03211506
0.03412549
0.03618794
0.03835257
0.04054773
0.04276679
0.04500706
0.04723622
0.04941366
0.05151329
0.05353516
0.05544882
0.05726806
0.05899772
0.06061976
0.06211842
0.06347436
0.06468498
0.06573784
0.06668156
0.06745829
0.06808092
0.06848101
0.0687424
0.06882852
0.06875846
0.06855478
0.06823851
0.06778753
0.06724706
0.06661996
0.06592199
0.06515954
0.06429575
0.06339043
0.06244865
0.06146723
0.06044225
0.05936277
0.05822886
0.0570248
0.05577346
0.05447614
0.05316301
0.05182296
0.05051637
0.04914554
0.04774687
0.04634148
0.04495635
0.0435205
0.04209898
0.04065548
0.03917925
0.03764788
0.03607804
0.03439929
0.03270923
0.03092635
0.02904536
0.02711987
0.02511052
0.02302817
0.02087524
0.01865801
0.01640737
0.01409644
0.01175294
0.009384214
0.006982801
0.004531158
0.0020224
-0.0005427123
-0.00314096
-0.005784207
-0.008466711
-0.01118198
-0.01393268
-0.01670277
-0.01946874
-0.02226721
-0.02507176
-0.02783641
-0.03060261
-0.03329673
-0.03594636
-0.03850584
-0.04100477
-0.0434211
-0.04575656
-0.04799463
-0.05012969
-0.05216654
-0.05410668
-0.05593138
-0.0576585
-0.05928531
-0.06081083
-0.06218817
-0.0634608
-0.06461166
-0.06564836
-0.06654211
-0.06730903
-0.06794444
-0.06845236
-0.06881391
-0.06904584
-0.06913932
-0.06910135
-0.06896847
-0.06875046
-0.06845212
-0.06804415
-0.06755801
-0.06697712
-0.06631997
-0.06561787
-0.06485227
-0.06403594
-0.06318703
-0.06233194
-0.06146643
-0.06058725
-0.05973222
-0.0588895
-0.05806999
-0.05730572
-0.05658015
-0.05591048
-0.05529983
-0.05473974
-0.0542093
-0.05369733
-0.05322151
-0.05275053
-0.0523096
-0.05184691
-0.05137011
-0.05089011
-0.05038173
-0.04990827
-0.04942082
-0.04894535
-0.04846484
-0.0480201
-0.04756302
-0.04715095
-0.04677424
-0.04638129
-0.04597338
-0.04559218
-0.04517585
-0.04472562
-0.04425353
-0.04375198
-0.04317994
-0.04255723
-0.04185836
-0.04108584
-0.04024789
-0.0393389
-0.03836756
-0.03733518
-0.03622627
-0.03504278
-0.03380751
-0.03249408
-0.03111073
-0.02965739
-0.0281269
-0.0265175
-0.0248379
-0.02308526
-0.02127101
-0.01938688
-0.01744856
-0.01551937
-0.01356221
-0.01162476
-0.009729022
-0.007866803
-0.006067122
-0.004327088
-0.002648204
-0.0009611247
0.00072654
0.00230852
0.003992768
0.005575162
0.007192503
0.0088192
0.01039871
0.01194283
0.01344094
0.01496027
0.01640607
0.01786557
0.01931587
0.02074769
0.02219133
0.02365065
0.02514794
0.02669283
0.02830593
0.03002429
0.03177051
0.03363684
0.03554316
0.03748597
0.03941948
0.0414134
0.04341077
0.04541191
0.04742411
0.0494249
0.05140694
0.05329727
0.05521827
0.05710674
0.05891761
0.06066881
0.06239044
0.06407311
0.06570175
0.06731312
0.06891076
0.07049286
0.07202674
0.07354701
0.0750342
0.07649156
0.07789995
0.07927795
0.08060608
0.08188097
0.08309826
0.08427446
0.08536413
0.08646172
0.08745583
0.08836896
0.08922491
0.08998352
0.09062858
0.09116276
0.0915655
0.09182091
0.09192301
0.09186658
0.09163077
0.09120705
0.09062304
0.08987799
0.0889663
0.08786225
0.08666819
0.08528107
0.08375004
0.08212975
0.0803462
0.07847543
0.07653334
0.07447416
0.07235485
0.07021545
0.06801295
0.06576052
0.06349264
0.06122394
0.05890077
0.05658646
0.05426332
0.05196023
0.04962004
0.04726781
0.0449171
0.04253463
0.04011448
0.03765747
0.03515747
0.03259495
0.02998609
0.02732268
0.02455476
0.02174717
0.01883369
0.01588108
0.01280028
0.009681842
0.006514744
0.0032927
4.498197E-05
-0.003243059
-0.006557965
-0.009882622
-0.01323807
-0.0166128
-0.01996792
-0.02331326
-0.02668708
-0.03002187
-0.03332329
-0.03665939
-0.03995323
-0.04325405
-0.04654014
-0.04978436
-0.05301182
-0.05622459
-0.05944218
-0.06262579
-0.06578252
-0.06887094
-0.07191066
-0.0748897
-0.07780072
-0.08064495
-0.08340474
-0.08605336
-0.0886082
-0.09100257
-0.09328585
-0.09542159
-0.09737858
-0.09915681
-0.1007573
-0.1021487
-0.1033406
-0.1043119
-0.1050484
-0.1055156
-0.1057168
-0.1056503
-0.1053403
-0.1047934
-0.1040105
-0.1030039
-0.1018035
-0.1004056
-0.09883517
-0.09711526
-0.09523822
-0.09321538
-0.09105467
-0.08874618
-0.08628327
-0.08369657
-0.0809587
-0.07808466
-0.07507055
-0.07195792
-0.06874596
-0.06543192
-0.06204582
-0.05857322
-0.05505671
-0.05151388
-0.04793525
-0.04430446
-0.04068751
-0.03704841
-0.03340371
-0.0297493
-0.02607836
-0.02242026
-0.01878681
-0.01518149
-0.01160776
-0.008071831
-0.004565826
-0.001104655
0.002338277
0.005739131
0.009112799
0.01244933
0.01574896
0.01900319
0.02222069
0.02538818
0.02852849
0.03162932
0.03468057
0.03769436
0.04066207
0.04359809
0.04649016
0.04931916
0.05208385
0.05479105
0.05740141
0.05993477
0.06237136
0.06472363
0.06699102
0.06912537
0.07123228
0.07322222
0.07509968
0.07687038
0.07853658
0.08007688
0.08149572
0.08275178
0.08388811
0.08484333
0.08562212
0.08620474
0.08659707
0.08676732
0.08673144
0.08647186
0.08599558
0.08530007
0.08438005
0.08324367
0.08190802
0.08035072
0.07861222
0.07666353
0.07452022
0.07221201
0.0697079
0.06704354
0.06423284
0.06126034
0.05818229
0.05498499
0.05171232
0.04839049
0.04504837
0.04169912
0.03834592
0.03506109
0.03180597
0.02863866
0.02553697
0.02250717
0.01955036
0.01664563
0.01381258
0.01106001
0.008352823
0.005725048
0.003150603
0.0006521578
-0.001742346
-0.004100222
-0.006414701
-0.008667842
-0.01086597
-0.01300571
-0.01511141
-0.01718165
-0.01923154
-0.0212568
-0.02327004
-0.02527817
-0.02726615
-0.02923345
-0.03117223
-0.03308625
-0.03496362
-0.03680453
-0.03857013
-0.04027698
-0.04191727
-0.04348733
-0.04496565
-0.0463411
-0.04768634
-0.04894034
-0.05011816
-0.05124519
-0.05231233
-0.05333612
-0.05431596
-0.05524475
-0.05612809
-0.05694226
-0.05769718
-0.05839633
-0.0590075
-0.05953901
-0.05997577
-0.06032335
-0.06060927
-0.06080389
-0.06093594
-0.06097213
-0.06092132
-0.06080261
-0.06057461
-0.06023135
-0.05980343
-0.05924697
-0.05856674
-0.05777562
-0.05683966
-0.05578833
-0.05461245
-0.05332563
-0.05193836
-0.05044009
-0.04887243
-0.04721746
-0.04548531
-0.04367887
-0.04184315
-0.0399484
-0.03800499
-0.0360239
-0.03401873
-0.03198606
-0.02995648
-0.02789731
-0.02588726
-0.02384423
-0.02184287
-0.01986567
-0.01792374
-0.0159975
-0.0141123
-0.01224171
-0.01042957
-0.008617735
-0.00684787
-0.005109534
-0.003384593
-0.001677898
1.300931E-05
0.001696351
0.003366667
0.005017866
0.006655215
0.00827228
0.009864355
0.01142234
0.01294859
0.01441084
0.01581589
0.01717119
0.01843751
0.01964271
0.02077736
0.02184101
0.02285132
0.02381472
0.02472869
0.02562526
0.02649011
0.02734152
0.02818447
0.02899268
0.02978875
0.03059586
0.03138163
0.03214133
0.03290983
0.0336483
0.03440672
0.03514681
0.03586591
0.03661355
0.03732727
0.03802414
0.03870718
0.03938611
0.04002256
0.04066036
0.04126197
0.04182529
0.04238649
0.04289588
0.04339991
0.04381158
0.04421796
0.04460252
0.04495315
0.0452442
0.04552874
0.04577861
0.04599311
0.04618792
0.04633792
0.04644059
0.04649493
0.04649475
0.04643767
0.04630895
0.0461231
0.04584209
0.0454816
0.04505574
0.04450507
0.04387891
0.04315323
0.0423426
0.04147007
0.0405035
0.03950172
0.03842477
0.03734135
0.03620311
0.03504277
0.03387571
0.03268152
0.03146051
0.0302327
0.02897477
0.02772448
0.02646699
0.02520596
0.02396371
0.0227275
0.02151585
0.02034835
0.0192238
0.01814799
0.01711361
0.0161309
0.01520122
0.01432486
0.01349162
0.01267968
0.01189538
0.01117129
0.0104809
0.009836976
0.009170262
0.008593414
0.008034102
0.007519469
0.007049178
0.006622909
0.006283712
0.005967415
0.005711581
0.005504719
0.005337156
0.005149859
0.005008551
0.004855721
0.00477678
0.004693101
0.00461483
0.004542891
0.004496335
0.004452608
0.004436115
0.004430349
0.004448269
0.004477379
0.004508663
0.00456388
0.004627299
0.00468022
0.004728104
0.004767316
0.004774292
0.004803941
0.00482023
0.004825118
0.004798493
0.004776755
0.004759747
0.004723684
0.004707265
0.004690182
0.004695392
0.004712844
0.004713139
0.004756714
0.004774177
0.004821302
0.004829579
0.004847671
0.004829713
0.0047909
0.004707934
0.004584217
0.004415739
0.004208079
0.003996721
0.003751657
0.003427954
0.003086308
0.002708546
0.00228934
0.001828432
0.001298305
0.0007513338
0.000142361
-0.0005264321
-0.001256254
-0.002025362
-0.002839707
-0.003686546
-0.004560175
-0.00546308
-0.006424792
-0.007394639
-0.008344959
-0.009373426
-0.01041303
-0.01151125
-0.01261766
-0.01376238
-0.0149566
-0.01615735
-0.01741252
-0.01868984
-0.02001624
-0.02136395
-0.02273187
-0.02411903
-0.02549778
-0.02689073
-0.02826616
-0.02963218
-0.03096707
-0.03227058
-0.03354184
-0.03478843
-0.03597214
-0.03711742
-0.03824124
-0.03930359
-0.04028697
-0.04122864
-0.04209381
-0.04288358
-0.04359651
-0.0442243
-0.04476385
-0.04520756
-0.04554256
-0.04577594
-0.04592097
-0.04596546
-0.04591491
-0.04574098
-0.04549264
-0.04514414
-0.04467075
-0.0441171
-0.04350116
-0.04277715
-0.04198357
-0.04112042
-0.04019745
-0.03920682
-0.03816183
-0.03706683
-0.03591976
-0.03473109
-0.03351384
-0.03225399
-0.0309586
-0.02965064
-0.02830662
-0.02695225
-0.02555786
-0.02416724
-0.02273902
-0.02134028
-0.01991465
-0.01846558
-0.01702827
-0.01558798
-0.01412846
-0.01266796
-0.01122324
-0.009757055
-0.008303148
-0.006849552
-0.005369663
-0.00390419
-0.002441486
-0.0009862971
0.0004644688
0.001913994
0.003372512
0.004814861
0.006248644
0.007694075
0.009121616
0.01054761
0.01196856
0.01335326
0.01476216
0.01615674
0.0175214
0.01887808
0.02021905
0.02153021
0.02282716
0.02410275
0.02537679
0.02660621
0.0277907
0.02897277
0.03010374
0.03120145
0.03226278
0.03330578
0.034275
0.03521796
0.03611485
0.03694931
0.03773337
0.03845742
0.03911776
0.03972596
0.04027297
0.04073539
0.04113891
0.04147304
0.04174552
0.04194332
0.0420595
0.04211037
0.04210221
0.04203076
0.04189955
0.04169564
0.04145676
0.04116403
0.04082488
0.04041765
0.03998157
0.03949509
0.03899231
0.03843959
0.03786268
0.03726077
0.03662695
0.03596472
0.03527661
0.03456195
0.03381394
0.03303243
0.0322356
0.03141607
0.0305699
0.02969666
0.02879666
0.02787339
0.02692354
0.02594647
0.02494566
0.02392569
0.02286994
0.02180896
0.02070556
0.0195916
0.01845688
0.01732249
0.01616259
0.01497872
0.01378318
0.01259294
0.01137253
0.01013338
0.008927005
0.007702877
0.006461476
0.005215214
0.003987869
0.002771066
0.001526177
0.0002996934
-0.0009179714
-0.002135759
-0.00332182
-0.004517509
-0.005684692
-0.006829115
-0.007956858
-0.009050709
-0.01014424
-0.01118165
-0.01219278
-0.01314099
-0.01408921
-0.01497828
-0.01585267
-0.0166611
-0.0174302
-0.01815484
-0.0188198
-0.0194396
-0.02001842
-0.02054203
-0.02101333
-0.02143079
-0.02180001
-0.02210893
-0.0223737
-0.02259094
-0.02275597
-0.02288604
-0.02294878
-0.02301725
-0.02300038
-0.02296585
-0.02291857
-0.0228101
-0.02266993
-0.02250392
-0.02230381
-0.02208782
-0.02183399
-0.02154166
-0.02121087
-0.02087444
-0.02050022
-0.02008524
-0.01965105
-0.0191808
-0.01868854
-0.01815821
-0.01760984
-0.01701505
-0.01641486
-0.01579091
-0.01512974
-0.01443312
-0.01371222
-0.01295623
-0.0121897
-0.01139692
-0.01057248
-0.009742181
-0.008876172
-0.008011076
-0.007117463
-0.006216284
-0.0052976
-0.004361851
-0.003431452
-0.002486607
-0.001529273
-0.0005797258
0.0003754671
0.001319738
0.002258542
0.003190987
0.00412067
0.005042293
0.005948068
0.006845683
0.007720269
0.008587054
0.009428284
0.01026524
0.01105802
0.0118303
0.01258565
0.01330603
0.01400626
0.01467207
0.01530928
0.01593645
0.01649429
0.01704298
0.01753543
0.01803493
0.01848323
0.01888445
0.0192489
0.01958301
0.01987966
0.02014742
0.0203688
0.02057518
0.02073813
0.02089638
0.02096749
0.02108031
0.02113456
0.02114748
0.02113359
0.02110283
0.02106884
0.02098354
0.02087857
0.02071563
0.02058346
0.02038765
0.02018536
0.01994708
0.01969037
0.01941531
0.01912192
0.01880176
0.0184645
0.01811605
0.0177376
0.01734018
0.01692761
0.0164946
0.01605034
0.01558632
0.01510825
0.01461502
0.0141082
0.0135851
0.01305738
0.01252111
0.01196598
0.01140841
0.01084295
0.01026777
0.009696884
0.009104071
0.008514054
0.007920468
0.007330859
0.006733097
0.006141303
0.005547187
0.004961404
0.004357867
0.003794983
0.003199885
0.002631569
0.002070295
0.00152145
0.000992669
0.0004599683
-5.549882E-05
-0.0005448778
-0.001028353
-0.001488789
-0.001929042
-0.002340824
-0.002746515
-0.003127812
-0.003481841
-0.003803323
-0.004101557
-0.004380697
-0.004657827
-0.004894066
-0.005116745
-0.005307769
-0.005479548
-0.00564398
-0.005766593
-0.00589193
-0.005966954
-0.006070687
-0.006115818
-0.006122265
-0.00613382
-0.006140495
-0.006129367
-0.006061619
-0.006010532
-0.00593688
-0.005864256
-0.005762333
-0.005658661
-0.005517821
-0.005388595
-0.005225251
-0.005070531
-0.00490316
-0.004694247
-0.004497753
-0.004267168
-0.004052822
-0.003820288
-0.003583239
-0.00332427
-0.00307039
-0.002805708
-0.002515938
-0.002236048
-0.001936822
-0.001636358
-0.001319671
-0.001021976
-0.0007058713
-0.0003897017
-4.485356E-05
0.0002737957
0.0006186673
0.000944877
0.001289759
0.001632142
0.001972971
0.002302056
0.002630395
0.002923229
0.003287829
0.003604454
0.003916694
0.004222614
0.004535886
0.004821687
0.005096649
0.00536966
0.005644866
0.005892059
0.006126428
0.006351614
0.006556986
0.006748892
0.006971918
0.00714335
0.007298746
0.007453483
0.0076389
0.007749527
0.00784384
0.007955036
0.008060069
0.008153978
0.008220542
0.008253278
0.008273313
0.008314496
0.008366035
0.00836519
0.008366539
0.008358312
0.008318477
0.008296009
0.008245118
0.008184267
0.008118317
0.008059591
0.007960475
0.007877792
0.007758733
0.007664671
0.00753364
0.007424852
0.00729099
0.007129462
0.006997759
0.006865196
0.00669348
0.006530779
0.006381203
0.006217736
0.006018005
0.005847514
0.005700413
0.005514994
0.005355316
0.005186969
0.004970767
0.004800136
0.004649217
0.004445588
0.004274491
0.004090599
0.003916686
0.003760105
0.003555728
0.003380732
0.003212908
0.003050075
0.002899592
0.002735001
0.002585579
0.002425485
0.00229798
0.002152437
0.00203241
0.001913315
0.001806158
0.001667927
0.00161021
0.001528122
0.001428649
0.001354399
0.001281846
0.001218134
0.001152443
0.001103768
0.001079772
0.001034638
0.0009663755
0.0009985532
0.0009970069
0.000990871
0.0009343206
0.0009749128
0.001011135
0.001031937
0.001068312
0.001050008
0.001130936
0.001139413
0.001206651
0.001289925
0.001341022
0.001432965
0.001479187
0.001570327
0.00165855
0.001768367
0.00184484
0.001951231
0.002035947
0.002107115
0.002223831
0.002341921
0.002403533
0.002515786
0.002610615
0.002732712
0.002873767
0.002936781
0.003033926
0.003189878
0.00326627
0.003337875
0.003463528
0.003539958
0.003632703
0.003721013
0.003859752
0.003937593
0.004010798
0.004061813
0.004137856
0.004227801
0.004318842
0.004368549
0.004427455
0.004448113
