8.075675E-06
-1.029288E-05
5.157578E-06
-3.902558E-05
-9.480842E-06
-5.644221E-05
-1.276871E-05
-8.23346E-05
-2.906254E-05
-5.205085E-05
-9.360403E-06
-4.563934E-05
2.132714E-05
2.334045E-05
5.384124E-05
0.000175102
0.0002314603
0.0003020305
0.0004757063
0.0005618648
0.0007788611
0.0009072569
0.001103011
0.001254393
0.001502724
0.001709583
0.001893089
0.002138786
0.0024162
0.002578711
0.002885011
0.003067338
0.00329119
0.003625493
0.003795161
0.003998433
0.004233211
0.004510284
0.004648364
0.004846196
0.005067673
0.005160607
0.005305277
0.005380643
0.005375682
0.005421764
0.005383735
0.00535076
0.005164256
0.005082772
0.004826938
0.004666059
0.004351687
0.004047931
0.003687467
0.003289991
0.002864293
0.002423373
0.001913189
0.00138388
0.000786607
0.0002249765
-0.0003930756
-0.001013081
-0.001651639
-0.002271203
-0.00290687
-0.003520494
-0.00412287
-0.0046579
-0.005200767
-0.005695019
-0.006195537
-0.006613219
-0.007044948
-0.007462181
-0.007824487
-0.008117686
-0.008466559
-0.00868047
-0.008952654
-0.009135251
-0.009303295
-0.009421309
-0.009424414
-0.009433774
-0.009324082
-0.009197401
-0.008914974
-0.008625479
-0.008243971
-0.007806084
-0.007264141
-0.006704389
-0.00602616
-0.005310299
-0.004473255
-0.003622949
-0.002652209
-0.001625201
-0.0005113498
0.0006199924
0.001801676
0.003011036
0.004238892
0.005466938
0.006687886
0.007878627
0.009028462
0.01010543
0.01110363
0.01201002
0.01281077
0.01348857
0.01406963
0.01441251
0.01469132
0.01487757
0.01483468
0.01467277
0.01438095
0.01391878
0.01335446
0.01262715
0.01177875
0.01080658
0.009729352
0.008560719
0.007308503
0.006002335
0.004665803
0.00331858
0.001986253
0.0006895212
-0.0005518354
-0.001725976
-0.002822726
-0.003812305
-0.004702027
-0.005496471
-0.006144052
-0.006636527
-0.007044234
-0.00736108
-0.007535052
-0.00761239
-0.007584641
-0.007471828
-0.007273071
-0.007014198
-0.006713389
-0.006372076
-0.006042901
-0.005722408
-0.005418484
-0.00515702
-0.00493156
-0.00478201
-0.004690356
-0.004692673
-0.00475983
-0.004948411
-0.005140868
-0.005386886
-0.00577587
-0.006166376
-0.006606726
-0.007127105
-0.007661667
-0.008198586
-0.008758344
-0.009314831
-0.009870033
-0.01042231
-0.01097936
-0.01150011
-0.01197918
-0.0123807
-0.01274551
-0.0130526
-0.01330602
-0.01344409
-0.01347223
-0.01339467
-0.01320393
-0.01291091
-0.01252186
-0.0120599
-0.01145738
-0.01070377
-0.009919847
-0.009051954
-0.008109447
-0.007034444
-0.005914473
-0.004758656
-0.003523317
-0.002235083
-0.0008892983
0.0004921773
0.001903403
0.003335553
0.004778082
0.006229758
0.007668771
0.009078678
0.01045626
0.01176992
0.0130271
0.01421902
0.01534477
0.01640822
0.0174137
0.01835741
0.01921828
0.0199841
0.0206331
0.02117237
0.0215905
0.02191098
0.02204523
0.02203512
0.02192445
0.02169606
0.02138751
0.02097129
0.02044512
0.01981729
0.01910183
0.01828017
0.01735995
0.01633687
0.01519377
0.01392149
0.01251975
0.01099052
0.009351676
0.00768167
0.005992107
0.004347275
0.002741554
0.001255013
-0.0002020038
-0.001599009
-0.002911634
-0.004136851
-0.005300338
-0.006461778
-0.007595361
-0.008734969
-0.009876224
-0.01101879
-0.01218288
-0.01330396
-0.01439829
-0.01548157
-0.01656883
-0.01764735
-0.01867918
-0.01965282
-0.0204979
-0.02118452
-0.02170637
-0.02209123
-0.02228798
-0.02233731
-0.0222153
-0.02195174
-0.0215897
-0.02103033
-0.02032793
-0.01949296
-0.01849898
-0.0174387
-0.01636173
-0.01528683
-0.01420643
-0.01312877
-0.01203383
-0.01094123
-0.009765511
-0.008524692
-0.007263964
-0.006021735
-0.004805536
-0.003645464
-0.00253618
-0.001471714
-0.0005375964
0.0004028344
0.001189648
0.001971659
0.002643835
0.003294429
0.003922621
0.004539481
0.005161728
0.005736727
0.006266372
0.006690323
0.006991108
0.007164882
0.007257312
0.007269462
0.007226387
0.007159089
0.007019334
0.006887597
0.00667904
0.006388626
0.006066171
0.005696336
0.005307855
0.004911663
0.004519071
0.004137749
0.003818968
0.003537813
0.003286162
0.00304596
0.002838274
0.002654898
0.002446713
0.002304354
0.002156563
0.002018781
0.001872562
0.001751823
0.00170046
0.00171747
0.001811193
0.00196216
0.002168075
0.00241804
0.00263323
0.002785258
0.002882105
0.002888807
0.00284524
0.002654597
0.002367999
0.001937159
0.001359313
0.0006848748
-0.0001281589
-0.001077609
-0.002140175
-0.003326446
-0.00464179
-0.006046593
-0.007551158
-0.009138302
-0.01080388
-0.0124946
-0.01423413
-0.01593594
-0.01756134
-0.019121
-0.02057431
-0.02191037
-0.02304184
-0.02397533
-0.02463439
-0.02502251
-0.02512253
-0.02501959
-0.02457573
-0.02387847
-0.02295526
-0.02177542
-0.02045308
-0.01898205
-0.01738662
-0.01569824
-0.01395409
-0.01212785
-0.01028785
-0.008418514
-0.006530551
-0.004635188
-0.002717009
-0.0007824987
0.001117416
0.003014524
0.004852809
0.006665561
0.00839322
0.009977604
0.01149054
0.01285269
0.0141085
0.01527293
0.01633282
0.01730064
0.01819717
0.019024
0.0198099
0.02054399
0.02122819
0.02188216
0.02247242
0.02303762
0.02356034
0.02400597
0.02441306
0.02471156
0.02495353
0.02512365
0.02526977
0.02533781
0.02529947
0.02515559
0.02492204
0.02456637
0.02407853
0.02342602
0.02263236
0.02162055
0.02043612
0.01905058
0.01745622
0.01568268
0.01372212
0.01159199
0.009286237
0.006809397
0.004167997
0.001425899
-0.001482146
-0.004467993
-0.00751821
-0.01060905
-0.0137028
-0.01680631
-0.01988382
-0.02291707
-0.02587727
-0.02873762
-0.03150078
-0.03412342
-0.03660086
-0.03890293
-0.04099952
-0.04286595
-0.04449946
-0.0458614
-0.04697054
-0.04780935
-0.04841914
-0.04875956
-0.04885976
-0.04876433
-0.04846321
-0.04797529
-0.04729611
-0.0464537
-0.04543763
-0.04431177
-0.04302935
-0.0416563
-0.04012106
-0.03850088
-0.03678267
-0.03498214
-0.0330879
-0.0311374
-0.02908774
-0.02697827
-0.02475451
-0.02241493
-0.01998475
-0.01745425
-0.01481904
-0.01209421
-0.009280064
-0.006417971
-0.003513169
-0.0005839242
0.002357372
0.005311443
0.008228824
0.01109538
0.01389805
0.0166069
0.01920513
0.02168508
0.02398415
0.02609557
0.02801007
0.02970032
0.03117178
0.03240389
0.03335469
0.03407326
0.03458762
0.03482305
0.03477605
0.03454074
0.03405563
0.03335613
0.03246099
0.03135832
0.03007908
0.02862456
0.02704706
0.02531851
0.02347351
0.02148132
0.01939286
0.01721164
0.01494313
0.01263478
0.01030809
0.007972939
0.005630786
0.003332618
0.001096654
-0.00103092
-0.003028985
-0.004895472
-0.006589435
-0.00811543
-0.009455876
-0.01061467
-0.01162821
-0.01243683
-0.01311695
-0.01366567
-0.01408844
-0.01441112
-0.014628
-0.01475576
-0.0148055
-0.01479123
-0.0147237
-0.01462433
-0.01450155
-0.01437483
-0.01425736
-0.01418919
-0.01421033
-0.0143103
-0.01450221
-0.01478071
-0.01514282
-0.01559438
-0.01607776
-0.01666574
-0.01731517
-0.01798143
-0.01866726
-0.01938553
-0.02007059
-0.0207333
-0.02135599
-0.02194946
-0.02249351
-0.02295776
-0.02337866
-0.02364909
-0.02384429
-0.02390803
-0.0238389
-0.02365359
-0.02331033
-0.02285494
-0.02221432
-0.02141582
-0.02043143
-0.0193184
-0.01800939
-0.0165812
-0.01500456
-0.01332188
-0.01151732
-0.009610875
-0.007655322
-0.005666714
-0.003674393
-0.001689541
0.0002902109
0.002266276
0.004210916
0.006154457
0.00804251
0.009928432
0.01176752
0.01358395
0.0153586
0.01714025
0.01883471
0.02049269
0.02211653
0.02358455
0.02497622
0.02626274
0.02735829
0.02836706
0.02920064
0.02991715
0.03048957
0.0309386
0.03126169
0.03146919
0.03156757
0.03154435
0.03141325
0.03115443
0.03075935
0.03024261
0.02960139
0.02885203
0.02795932
0.02696105
0.0258809
0.02468729
0.02348242
0.02224525
0.02098606
0.01968843
0.01834483
0.01691856
0.01540951
0.01384081
0.01221739
0.01058587
0.008807437
0.007020544
0.00519503
0.003340005
0.001478539
-0.0003615671
-0.002195141
-0.004003016
-0.005770017
-0.007492638
-0.009128287
-0.01069964
-0.01221089
-0.0136422
-0.01498385
-0.01620228
-0.01738191
-0.01841375
-0.01935088
-0.0201933
-0.02095024
-0.02156427
-0.02210977
-0.02252643
-0.02286024
-0.02312472
-0.02336037
-0.0235817
-0.02377913
-0.02399535
-0.02421628
-0.02444259
-0.02467914
-0.02492962
-0.02521215
-0.02548021
-0.02575337
-0.02600789
-0.02622431
-0.02640926
-0.02650923
-0.02657867
-0.02660362
-0.0265336
-0.026412
-0.02621295
-0.02593953
-0.02556174
-0.02513549
-0.02465472
-0.02409349
-0.02344753
-0.02272828
-0.0219437
-0.02105962
-0.02013998
-0.01909259
-0.01800635
-0.0168624
-0.01566496
-0.01437616
-0.01307781
-0.01172669
-0.01036728
-0.008991195
-0.007631322
-0.006279416
-0.004945193
-0.003618999
-0.002301076
-0.0009825852
0.0002795885
0.001451546
0.002609783
0.003768632
0.004853061
0.005886895
0.006862191
0.007816977
0.008709846
0.00956175
0.01044851
0.01121238
0.01195639
0.01263985
0.01330306
0.01391423
0.01449863
0.0150696
0.01556085
0.0159803
0.01631832
0.01657378
0.01671696
0.01676635
0.01671624
0.01655268
0.01628956
0.01589287
0.01539564
0.0147588
0.01398834
0.01308672
0.01202093
0.01082873
0.009538757
0.008136121
0.006630493
0.005023814
0.003318953
0.001574697
-0.0002141814
-0.002069434
-0.00395305
-0.00585
-0.007731828
-0.00957524
-0.01135969
-0.01305705
-0.01463318
-0.01607794
-0.01735336
-0.01846659
-0.01939704
-0.02011568
-0.02065848
-0.0210162
-0.02116824
-0.02111632
-0.0208618
-0.02040496
-0.01977817
-0.01897397
-0.01798578
-0.01681775
-0.01548549
-0.01397705
-0.01232295
-0.01056266
-0.008668096
-0.006704818
-0.004638755
-0.002557744
-0.0004325068
0.001683718
0.003804176
0.005886544
0.007904652
0.009817062
0.01165014
0.01335485
0.01496725
0.01648463
0.01785143
0.01909459
0.02020966
0.02117552
0.02199866
0.0227137
0.02328999
0.02374773
0.02407808
0.02427145
0.02436233
0.0244056
0.02431799
0.02424951
0.0241269
0.02400483
0.02388188
0.02378076
0.02366653
0.0235567
0.02347966
0.02345931
0.02347834
0.02354805
0.02361538
0.02370955
0.0238142
0.0239212
0.02401802
0.02413767
0.02426151
0.02437595
0.02448825
0.02452452
0.02460468
0.02461741
0.02462034
0.02458075
0.02449537
0.02435238
0.02412117
0.02380459
0.02339564
0.02288708
0.02227225
0.0215361
0.02068609
0.01971286
0.0186279
0.01740676
0.01607234
0.01462821
0.01308362
0.01141119
0.009658812
0.007775955
0.005823072
0.003706383
0.001509604
-0.0007906614
-0.003173103
-0.005603489
-0.008097285
-0.01063326
-0.01316429
-0.01570691
-0.01821202
-0.02069776
-0.0231227
-0.0254464
-0.02764326
-0.02971373
-0.03164092
-0.03342693
-0.03505291
-0.03652831
-0.0378469
-0.03901226
-0.04001296
-0.04085736
-0.04154285
-0.04207018
-0.04244149
-0.04267123
-0.04274828
-0.04268105
-0.04247111
-0.0421258
-0.04166747
-0.04109449
-0.04041795
-0.03965009
-0.03879192
-0.03786827
-0.03689138
-0.03584448
-0.03476571
-0.03371318
-0.03260288
-0.03151641
-0.03041432
-0.02930557
-0.02819331
-0.02709156
-0.02599534
-0.0248984
-0.02381521
-0.02275139
-0.02171755
-0.02070233
-0.01970207
-0.01873905
-0.01783067
-0.01696035
-0.01615067
-0.01539096
-0.01471384
-0.01408878
-0.01353067
-0.01297319
-0.01249388
-0.01202356
-0.01158365
-0.01114772
-0.01072989
-0.01029692
-0.009904626
-0.009512423
-0.009133241
-0.00877275
-0.008436753
-0.008133598
-0.007860847
-0.007628096
-0.007437277
-0.007257395
-0.007139943
-0.007003617
-0.006890324
-0.006776569
-0.006674809
-0.006567965
-0.006430486
-0.006303937
-0.006135351
-0.005951476
-0.005745236
-0.005528104
-0.005318089
-0.005092036
-0.004843328
-0.004596444
-0.004367979
-0.00410108
-0.003834366
-0.003609917
-0.00332671
-0.003053359
-0.002778725
-0.002520973
-0.002207954
-0.001937788
-0.001645751
-0.001380039
-0.001134033
-0.0009570082
-0.0007919014
-0.0007364659
-0.0006591108
-0.000698006
-0.0007032293
-0.0008020583
-0.0008895523
-0.001000922
-0.001092145
-0.001189571
-0.001291475
-0.001406279
-0.001528016
-0.001663847
-0.001802731
-0.001920025
-0.002059844
-0.00219015
-0.002304279
-0.002416187
-0.002483208
-0.002563368
-0.002558056
-0.00247341
-0.002302381
-0.002050538
-0.001684471
-0.001216677
-0.0006746787
-3.392172E-05
0.0006265251
0.001358507
0.002171729
0.003025969
0.003936645
0.004896409
0.005872482
0.006876169
0.007909927
0.008934048
0.009963526
0.01101097
0.01204116
0.01305931
0.01409258
0.01511444
0.01613573
0.01714491
0.01814812
0.01912861
0.02006714
0.02099807
0.02187631
0.0227183
0.02351269
0.02422483
0.02494735
0.02559141
0.02617371
0.02674307
0.02723439
0.02771619
0.0281186
0.0284823
0.02878377
0.02903894
0.02921318
0.02931566
0.02932334
0.02925166
0.02908362
0.02878331
0.02838331
0.02789198
0.02727993
0.02655383
0.02573437
0.02478763
0.023766
0.02263994
0.02140653
0.02012188
0.01869338
0.01723733
0.01575083
0.01422546
0.01262303
0.01105053
0.009450642
0.007853044
0.006276798
0.004745694
0.003213108
0.001770034
0.0003595884
-0.0009679166
-0.002246377
-0.003450956
-0.004595012
-0.005669058
-0.006665097
-0.007595059
-0.008466043
-0.009266658
-0.01000074
-0.01067681
-0.01130365
-0.0118708
-0.01240192
-0.01291898
-0.01338785
-0.01384898
-0.01430404
-0.01475015
-0.01522383
-0.01572546
-0.01625697
-0.01684202
-0.0174714
-0.01817188
-0.0189447
-0.01978274
-0.02069183
-0.02168085
-0.022761
-0.02390119
-0.0251114
-0.02638066
-0.02769981
-0.02906324
-0.03045616
-0.03187896
-0.03329373
-0.03468112
-0.03602836
-0.03729722
-0.0384942
-0.03959738
-0.04058487
-0.04144768
-0.04215203
-0.04270085
-0.04307132
-0.04325941
-0.04325879
-0.04305759
-0.04265612
-0.04205531
-0.04124908
-0.04022221
-0.03901307
-0.03759753
-0.03597393
-0.03415735
-0.03215372
-0.03003188
-0.02776263
-0.02538413
-0.02291329
-0.02038879
-0.0178263
-0.01523835
-0.01265031
-0.01008561
-0.007529472
-0.004998893
-0.00248684
-3.407772E-05
0.002408808
0.004781492
0.007129667
0.009411425
0.011635
0.01378778
0.01587334
0.01788029
0.01980938
0.02163734
0.02338399
0.02505111
0.02661031
0.02810656
0.02952667
0.03089315
0.03220015
0.03345045
0.03463273
0.03578052
0.03689016
0.03796768
0.03899419
0.03999574
0.0409633
0.04192388
0.04282157
0.04371632
0.04458278
0.04539566
0.04615969
0.04689509
0.0475662
0.04818699
0.0487355
0.04921691
0.04961369
0.04992409
0.05014654
0.05025857
0.05025996
0.05014144
0.04990573
0.04951453
0.04901824
0.04835403
0.04757613
0.04664879
0.04561419
0.04442
0.04309207
0.04164561
0.04008119
0.03841337
0.03660276
0.03469875
0.03268123
0.03056049
0.02833016
0.025989
0.02351916
0.02096309
0.01828648
0.015513
0.01264199
0.009688857
0.006648672
0.00356643
0.0004224616
-0.002770601
-0.005985255
-0.009237478
-0.01249169
-0.01572468
-0.01896712
-0.0221753
-0.02533292
-0.02844854
-0.03150756
-0.03448039
-0.03737908
-0.04016617
-0.04284165
-0.04539289
-0.04780287
-0.05008618
-0.05222844
-0.05424124
-0.05612216
-0.05785714
-0.05948204
-0.06099209
-0.06238535
-0.06367182
-0.06483546
-0.06590836
-0.06684028
-0.06766924
-0.06837433
-0.06895689
-0.06942263
-0.06976359
-0.06997117
-0.07006081
-0.07000609
-0.06982255
-0.06952026
-0.06910831
-0.06858287
-0.06796269
-0.06722195
-0.06636348
-0.06541465
-0.06435145
-0.06316922
-0.06190215
-0.06052557
-0.05901197
-0.05741234
-0.05574647
-0.05395238
-0.05210931
-0.05015803
-0.04814722
-0.04608788
-0.04396763
-0.04185472
-0.03969412
-0.03753001
-0.03538025
-0.03319459
-0.03102521
-0.02884552
-0.02667129
-0.0245387
-0.02239196
-0.02025657
-0.01813757
-0.01604791
-0.01397412
-0.01196474
-0.009994129
-0.008077798
-0.006208163
-0.004370919
-0.002578706
-0.0008049859
0.0009312428
0.002647825
0.00434396
0.00603393
0.007720839
0.009389506
0.01105344
0.01274435
0.01438106
0.01599845
0.01765702
0.01933034
0.02099503
0.0226755
0.02434356
0.02602717
0.02771574
0.02941275
0.03111176
0.03278434
0.03446075
0.03609015
0.03770995
0.03929549
0.04084723
0.0423012
0.04370055
0.04501251
0.04623175
0.04733337
0.04830648
0.04914286
0.04983672
0.05038723
0.05078662
0.05099488
0.05108286
0.05101252
0.05078748
0.05037868
0.0498215
0.04910368
0.04822309
0.04717517
0.04596951
0.04464022
0.04314083
0.04152636
0.03980772
0.03799097
0.0360961
0.03414033
0.03215404
0.03013888
0.02813242
0.02613389
0.02417076
0.02224643
0.02037367
0.01855206
0.01680551
0.0151235
0.01350254
0.0119623
0.01049384
0.009109503
0.007805223
0.006588576
0.005444765
0.004372047
0.003372184
0.002411174
0.001510442
0.0006308449
-0.0001926256
-0.001008584
-0.001817515
-0.00263864
-0.003463476
-0.004317454
-0.005201126
-0.006113341
-0.007070717
-0.008057036
-0.009087157
-0.01015193
-0.01124938
-0.01237445
-0.01354963
-0.01471145
-0.01592842
-0.01716245
-0.0184304
-0.01971219
-0.02100755
-0.02232325
-0.02365078
-0.02497138
-0.02630461
-0.02762131
-0.02892207
-0.03020272
-0.03145019
-0.03264882
-0.0337884
-0.03485375
-0.03583587
-0.03672166
-0.03747896
-0.03814184
-0.03868203
-0.03909914
-0.03939915
-0.03958402
-0.03965046
-0.03959385
-0.03942647
-0.03915687
-0.03877683
-0.03831036
-0.03775163
-0.03712266
-0.03641048
-0.03564367
-0.03482324
-0.03394527
-0.03305621
-0.03212766
-0.03118353
-0.03025875
-0.02934068
-0.02844252
-0.02755784
-0.02669741
-0.02583906
-0.02502443
-0.02422406
-0.02343919
-0.02267032
-0.02186459
-0.02106254
-0.02022684
-0.0193923
-0.01850703
-0.01760931
-0.01666846
-0.01571818
-0.01472962
-0.01370342
-0.01265138
-0.01155611
-0.01040547
-0.009234044
-0.008016486
-0.006751928
-0.005429866
-0.004094313
-0.002692515
-0.001302029
0.0001309637
0.001578906
0.00303351
0.004500693
0.005956147
0.007414737
0.008859972
0.01028723
0.01169469
0.01308585
0.01445775
0.0158312
0.01715196
0.01847178
0.0197663
0.02103356
0.02227402
0.02347792
0.02464613
0.02577198
0.02684096
0.02784147
0.02876628
0.02960816
0.03035241
0.0309818
0.0315079
0.03192073
0.03219583
0.03239136
0.03244245
0.03239692
0.03221078
0.03194332
0.03154086
0.03109317
0.03050981
0.0298218
0.02903902
0.02811591
0.02715549
0.02614472
0.02499706
0.02378017
0.02253189
0.02121959
0.01984677
0.01845887
0.01701215
0.01552787
0.01398774
0.01241875
0.01080254
0.009159344
0.007475015
0.005760496
0.00401887
0.002256497
0.0004711142
-0.00133759
-0.003149359
-0.004942105
-0.006734624
-0.008524543
-0.01030101
-0.01200479
-0.01367888
-0.01529206
-0.01685545
-0.0183499
-0.01979962
-0.02116268
-0.0224799
-0.02373086
-0.0249146
-0.02601495
-0.02703372
-0.02800339
-0.02888848
-0.02971279
-0.03046686
-0.03112191
-0.03171073
-0.03222785
-0.03267935
-0.03305823
-0.03339058
-0.03366902
-0.03387764
-0.03405773
-0.03417447
-0.03423635
-0.03425982
-0.03424095
-0.03418372
-0.03410471
-0.03395677
-0.03379617
-0.03358902
-0.03334885
-0.03308293
-0.03276107
-0.03241029
-0.03203804
-0.03161353
-0.03114477
-0.03062704
-0.0300778
-0.02948898
-0.02884544
-0.02816183
-0.02744107
-0.02670654
-0.02590463
-0.02509831
-0.02424952
-0.02339365
-0.02251051
-0.02161941
-0.02072102
-0.01981141
-0.01890912
-0.01800495
-0.01711094
-0.01622684
-0.01535904
-0.01451287
-0.01369962
-0.01288607
-0.01211172
-0.01132156
-0.01060891
-0.009882326
-0.009199049
-0.008518417
-0.007872428
-0.007242815
-0.00664706
-0.006043292
-0.005439765
-0.004852432
-0.004271801
-0.003684795
-0.00310853
-0.00250958
-0.001925262
-0.001335194
-0.0007355909
-0.0001183303
0.0005050825
0.001116233
0.001746779
0.002398454
0.003040423
0.003680761
0.004348196
0.005009985
0.005645307
0.006324315
0.00696972
0.007633955
0.008260109
0.008887012
0.009498312
0.01007089
0.01062877
0.01116665
0.01164138
0.01214105
0.0125577
0.01291737
0.01328633
0.01357058
0.0138455
0.01402171
0.01418841
0.01429349
0.01434818
0.01438989
0.01432996
0.01425871
0.01415695
0.01398033
0.01378506
0.01359177
0.01336093
0.01307538
0.01274666
0.01243217
0.01209897
0.01175547
0.01137402
0.01102896
0.01065667
0.01026536
0.009867197
0.009453424
0.009036739
0.008632218
0.008214626
0.00781005
0.007366788
0.006962225
0.006532674
0.006082992
0.005652746
0.005226285
0.00477043
0.004289002
0.003843467
0.003370839
0.002874946
0.002397661
0.001881914
0.001370514
0.000873015
0.0003347909
-0.00022168
-0.0007678162
-0.001335096
-0.00193275
-0.002526192
-0.003151029
-0.003755697
-0.004392477
-0.005037682
-0.005686974
-0.006334962
-0.007010548
-0.007678648
-0.008347628
-0.00901069
-0.009669892
-0.01032414
-0.01097222
-0.01160013
-0.0122153
-0.01282522
-0.01340079
-0.01395312
-0.01449611
-0.01500428
-0.01547428
-0.01590101
-0.01629863
-0.01669407
-0.01703485
-0.01732651
-0.01756356
-0.01780934
-0.01799175
-0.01813758
-0.01825133
-0.01834838
-0.018397
-0.01841816
-0.01843591
-0.01840127
-0.01835168
-0.01827752
-0.01819077
-0.01807456
-0.01794764
-0.01780162
-0.01763974
-0.01746139
-0.01726618
-0.01706006
-0.01682377
-0.01657941
-0.01633594
-0.0160465
-0.01574821
-0.01544157
-0.01510891
-0.0147601
-0.01438983
-0.01399313
-0.01358212
-0.01313941
-0.01268085
-0.01220904
-0.01171861
-0.0111727
-0.01062177
-0.01005857
-0.009464798
-0.008844461
-0.008206711
-0.007567144
-0.006903388
-0.006204107
-0.005496229
-0.004779025
-0.004049201
-0.003319269
-0.002599548
-0.001856008
-0.001069997
-0.0003455716
0.0004155836
0.00110513
0.001875256
0.002561603
0.003289696
0.003968913
0.004630027
0.00528964
0.005871166
0.006469888
0.00704978
0.007609666
0.008069982
0.008586121
0.009013092
0.009407787
0.009810354
0.01011928
0.01042173
0.01068163
0.01091676
0.01108849
0.01122936
0.01134078
0.01139896
0.01142961
0.011437
0.01138787
0.01131185
0.01121657
0.01106089
0.01090695
0.01071159
0.01049963
0.01026628
0.00999446
0.009705046
0.009403843
0.009074542
0.008717601
0.008333571
0.007954816
0.007588014
0.00718136
0.006719614
0.006313846
0.005872618
0.005418674
0.004920297
0.004437391
0.003968114
0.003468504
0.002990541
0.0024633
0.00196108
0.001438176
0.0009423161
0.0004073679
-0.0001302501
-0.0006859501
-0.001222687
-0.001748764
-0.002297139
-0.002852851
-0.003394413
-0.003911754
-0.004445104
-0.005004939
-0.005532956
-0.006050335
-0.006531873
-0.007071933
-0.007556413
-0.008036322
-0.008496721
-0.008963292
-0.009381707
-0.009824476
-0.01025952
-0.01064148
-0.01098224
-0.01133858
-0.0116453
-0.01197054
-0.01221134
-0.0124925
-0.01271002
-0.01286717
-0.0130196
-0.01316975
-0.01328754
-0.01336104
-0.01336548
-0.01339119
-0.01338144
-0.01330582
-0.01324285
-0.01315662
-0.01299894
-0.01284739
-0.01267757
-0.01251548
-0.01230704
-0.01208849
-0.01186254
-0.01159031
-0.01131262
-0.01105906
-0.01078222
-0.01046767
-0.01018808
-0.009852011
-0.009528268
-0.009218212
-0.008871065
-0.008535349
-0.008211731
-0.007877538
-0.007488982
-0.00711367
-0.006759286
-0.006416957
-0.006002266
-0.005621147
-0.005239785
-0.004875807
-0.00449308
-0.004061874
-0.003678206
-0.003318721
-0.002891454
-0.002534432
-0.002159279
-0.001738135
-0.00136581
-0.0009908585
-0.0006723441
-0.0002624086
6.91951E-05
0.0004245761
0.0007725667
0.001064433
0.001414573
0.001717184
0.002012006
0.002249747
0.0025441
0.002758676
0.002994717
0.003223319
0.00339936
0.003605521
0.003762814
0.003872688
0.004046007
0.004090096
0.004141922
0.004251326
0.004248303
0.004207416
0.00425031
0.004260998
0.004110963
0.004130683
0.00399352
0.003867418
0.003776627
0.003631386
0.003511538
0.003252529
0.003134502
0.002895507
0.002745385
0.002516576
0.002318607
0.002043373
0.001807724
0.001601287
0.001371751
0.001085233
0.0008460538
0.0006098953
0.0003557249
7.147421E-05
-0.0001820997
-0.0004353606
-0.0006543282
-0.0009438018
-0.001173145
-0.001415794
-0.001705949
-0.001917943
-0.002206699
-0.002406242
-0.002690681
-0.002899163
-0.00313708
-0.003400555
-0.003596192
-0.00379813
-0.004076007
-0.00427121
-0.004479323
-0.004634456
-0.004829897
-0.005042295
-0.005223798
-0.005422558
-0.005526141
-0.005746343
-0.005851502
-0.006012584
-0.006128076
-0.006236728
-0.006332863
-0.006496216
-0.006580718
-0.006597583
-0.006720528
-0.006775177
-0.006737053
-0.006833158
-0.006800552
-0.00680756
-0.006756246
-0.006797838
-0.006707688
-0.006669453
-0.006645952
-0.006505136
-0.006444801
-0.006354841
-0.006202367
-0.006150507
-0.005993704
-0.005897194
-0.00578317
-0.005604098
-0.005472176
-0.005366717
-0.005207012
-0.005042166
-0.00492361
-0.004776472
-0.004635749
-0.004452811
-0.004333036
-0.004156757
-0.003994062
-0.003879494
-0.003742832
-0.003558032
-0.003425031
-0.003302552
-0.003131992
-0.002993846
-0.002886186
-0.002703222
-0.002621748
-0.002433471
-0.002337801
-0.002220182
-0.002043628
-0.001947687
-0.001790348
-0.001673466
-0.001577043
-0.001428622
-0.001324233
-0.001226849
-0.001119203
-0.001015684
-0.0009601332
-0.0008291467
-0.0007493612
-0.0007025665
-0.0006030494
-0.0005553207
-0.0004958741
-0.0004872149
-0.0003821036
-0.000398424
