3.546863E-05
-2.266297E-05
6.467758E-05
-2.907354E-06
4.138536E-05
-3.277468E-05
-1.491983E-05
-0.0001065841
-0.0001201076
-0.0002653461
-0.0002866933
-0.0004290834
-0.0004818137
-0.0005768031
-0.000748305
-0.0008066158
-0.0009091582
-0.001065697
-0.001095537
-0.001239843
-0.001283825
-0.001327638
-0.001458784
-0.001468787
-0.001582228
-0.001528908
-0.001575175
-0.001639423
-0.001589749
-0.001587568
-0.001576366
-0.001548491
-0.001572332
-0.001452878
-0.001344175
-0.001344193
-0.001281989
-0.0011439
-0.001027464
-0.000951202
-0.0008373439
-0.0007151076
-0.0006113976
-0.000487038
-0.0003898192
-0.0002487388
-0.0001353776
8.203388E-07
0.0001076533
0.0002312507
0.0002790539
0.0004479816
0.0005095063
0.0005910532
0.000680895
0.000693828
0.0008070365
0.0008975221
0.0009905522
0.001066379
0.001216513
0.001325958
0.001489814
0.001598303
0.001727053
0.00180566
0.001910211
0.001975402
0.00201886
0.002079295
0.00207744
0.002029919
0.001963309
0.00186976
0.00170443
0.001578089
0.001300638
0.001073895
0.0007951991
0.0004266569
9.402125E-05
-0.0003343396
-0.0007601861
-0.001256545
-0.0017157
-0.002245436
-0.002723755
-0.00322405
-0.003716762
-0.004209849
-0.004706528
-0.005146602
-0.005594494
-0.006017079
-0.006441302
-0.006833046
-0.007204436
-0.007588841
-0.007920122
-0.008231941
-0.008495435
-0.008730716
-0.008886174
-0.009012819
-0.009092314
-0.009116621
-0.00906899
-0.008981397
-0.008868841
-0.008676394
-0.008450125
-0.008204428
-0.007868774
-0.007499496
-0.007071073
-0.006646753
-0.00615228
-0.005630865
-0.005093814
-0.00456254
-0.004023714
-0.003471037
-0.002938092
-0.002427893
-0.001925689
-0.001459363
-0.000994759
-0.00052178
-5.772461E-05
0.0004056676
0.0009043403
0.001405352
0.001972172
0.002536761
0.003106106
0.003677635
0.00426843
0.004834842
0.005424699
0.005981982
0.006535488
0.007088223
0.007583144
0.008018793
0.008432014
0.008735792
0.008994089
0.009200012
0.009366743
0.009459351
0.00954969
0.009546237
0.009539926
0.009508404
0.009473895
0.009403295
0.0093389
0.009254711
0.009200857
0.009073946
0.00898432
0.008833019
0.008641377
0.008414471
0.008118479
0.00780977
0.007459595
0.007051739
0.006630078
0.006132871
0.005613438
0.00501883
0.004357914
0.003703938
0.003024443
0.002374127
0.00165358
0.001024274
0.0003615616
-0.00025715
-0.0008310836
-0.00135346
-0.001770958
-0.002126175
-0.002388124
-0.002608574
-0.002739622
-0.00281472
-0.002777579
-0.002674544
-0.002517546
-0.002360344
-0.002170793
-0.001941534
-0.001626899
-0.001331899
-0.0009587309
-0.000594096
-0.0002770885
-1.342964E-05
0.0001809048
0.0003168722
0.0004016908
0.0004321757
0.0003641364
0.000254802
8.497862E-05
-0.0002117114
-0.0005505118
-0.0009538803
-0.001418907
-0.001950116
-0.002563093
-0.003251055
-0.003982547
-0.004747903
-0.005545211
-0.006358836
-0.007162386
-0.007901612
-0.008658726
-0.009350342
-0.01003319
-0.01061027
-0.01107937
-0.01149752
-0.0117727
-0.01191144
-0.01189924
-0.0117645
-0.01152062
-0.01118312
-0.01064001
-0.009946415
-0.009025458
-0.007902007
-0.006615336
-0.005159998
-0.003660242
-0.002095741
-0.0004992575
0.001099203
0.002584899
0.003956201
0.005197019
0.006290017
0.007284289
0.008146418
0.008852934
0.009397342
0.009767708
0.0100187
0.01008312
0.01003591
0.009832572
0.009519401
0.009167379
0.008663687
0.008044958
0.0073923
0.006716038
0.0060001
0.00530923
0.004554877
0.003820337
0.003047025
0.00221396
0.001302415
0.0003406256
-0.0007342437
-0.001891362
-0.003139504
-0.004460118
-0.005815076
-0.007224375
-0.008641275
-0.01008361
-0.01151195
-0.0128945
-0.0142341
-0.01551373
-0.01667879
-0.01773135
-0.01859435
-0.01924827
-0.01964459
-0.01985911
-0.01979291
-0.01949004
-0.01884643
-0.01801399
-0.01684489
-0.0153987
-0.01372197
-0.01186595
-0.009838242
-0.007672552
-0.005372804
-0.002902406
-0.0002878508
0.002443278
0.005199093
0.008033347
0.01088135
0.01372535
0.01653675
0.01930631
0.02202119
0.024609
0.02705581
0.02935991
0.03149754
0.03342147
0.03510409
0.03657654
0.03775695
0.03866273
0.03935514
0.03973882
0.03986798
0.03975856
0.03939566
0.03876799
0.03793824
0.03686768
0.03558528
0.03415494
0.03253508
0.03078678
0.02885565
0.02681186
0.02466043
0.02244696
0.02015124
0.01781568
0.01541537
0.01295794
0.01043349
0.007906138
0.005363428
0.00285997
0.0004014966
-0.002025945
-0.004332772
-0.006617355
-0.008810605
-0.01083589
-0.01276315
-0.01452543
-0.01613258
-0.01752751
-0.01873603
-0.01980632
-0.02070834
-0.02141727
-0.02194899
-0.02229247
-0.02246571
-0.02246029
-0.02229667
-0.02188039
-0.02136048
-0.0207204
-0.01991851
-0.0190117
-0.01800169
-0.01692257
-0.01575737
-0.0145413
-0.01329031
-0.0120837
-0.01088655
-0.00974927
-0.008621824
-0.007531618
-0.006444474
-0.005383017
-0.004428609
-0.00355488
-0.002737817
-0.001992563
-0.001322608
-0.0007450946
-0.0002096126
0.000235489
0.0006145625
0.0009345123
0.001145011
0.00131972
0.001446385
0.001509093
0.001519707
0.001489434
0.00144411
0.001368369
0.001251281
0.001130332
0.0009629814
0.0008127037
0.0006369863
0.0004712116
0.0002936577
0.0001558713
3.095603E-05
-0.0001339631
-0.0002719853
-0.0004806817
-0.0007311142
-0.001002914
-0.001421071
-0.001829234
-0.002341525
-0.002954216
-0.003624611
-0.004355865
-0.005190092
-0.006038913
-0.006957439
-0.007914156
-0.008855322
-0.009800638
-0.01071244
-0.01157413
-0.01240892
-0.01316177
-0.01380269
-0.01430293
-0.01461591
-0.0147991
-0.01476364
-0.01445151
-0.01391766
-0.01318197
-0.01220463
-0.01101021
-0.009577012
-0.00794987
-0.006097799
-0.004004913
-0.001679112
0.0008633088
0.003568299
0.006422727
0.009352528
0.012353
0.01541358
0.01843453
0.02146283
0.02434394
0.02718958
0.02985918
0.0323535
0.03460024
0.03661065
0.03834268
0.03977124
0.04091068
0.04172679
0.04224713
0.04244337
0.04240365
0.04208984
0.04151001
0.0407294
0.03974531
0.0386584
0.0374622
0.03616488
0.034777
0.0333219
0.03180487
0.03024533
0.02865267
0.02701267
0.02532512
0.023605
0.02184759
0.02007717
0.01825978
0.01644104
0.0146019
0.01274731
0.01086168
0.008966197
0.007026796
0.005088733
0.003134798
0.001147246
-0.0008326171
-0.002769847
-0.004674301
-0.006530904
-0.00825768
-0.009970776
-0.01159479
-0.01318879
-0.01471336
-0.01618903
-0.01757336
-0.01887598
-0.02012508
-0.02127009
-0.02233127
-0.02330276
-0.02417223
-0.02491393
-0.02556964
-0.02618997
-0.02667816
-0.02706989
-0.02734462
-0.02758281
-0.02767424
-0.02767554
-0.02756603
-0.02737922
-0.02708213
-0.02673989
-0.0263324
-0.02581859
-0.0252052
-0.02447944
-0.02366018
-0.02274074
-0.02174111
-0.02060861
-0.01938331
-0.01807183
-0.01666108
-0.01516591
-0.01362603
-0.012052
-0.01043845
-0.008831107
-0.007193399
-0.005516323
-0.003918125
-0.002262705
-0.0006243536
0.001032174
0.002705604
0.0043801
0.006054976
0.007712732
0.00937805
0.01105326
0.01275096
0.01447222
0.01617469
0.01791256
0.01964278
0.02134776
0.02303577
0.0247018
0.02631683
0.0278878
0.0293691
0.03076912
0.03206547
0.03323484
0.03427444
0.0351542
0.03586332
0.0364043
0.03674655
0.03688518
0.03677402
0.0363979
0.03574397
0.03477689
0.03357266
0.03206115
0.0303104
0.02830562
0.0260745
0.02363647
0.02100412
0.01815959
0.01514091
0.01195646
0.008649481
0.005293614
0.001859792
-0.00159844
-0.005066357
-0.008531311
-0.01194791
-0.01532508
-0.018624
-0.02179859
-0.0247913
-0.02765302
-0.03025637
-0.03267737
-0.03482737
-0.03680241
-0.03851264
-0.03995219
-0.04113593
-0.04202728
-0.04266335
-0.04304083
-0.04318139
-0.04310599
-0.0428056
-0.04228999
-0.04155811
-0.04059796
-0.0394058
-0.03804994
-0.03648635
-0.03477998
-0.03293122
-0.03100744
-0.02900816
-0.02694195
-0.02482111
-0.02259744
-0.02027838
-0.01786213
-0.01535019
-0.01277656
-0.01011323
-0.00742594
-0.00472549
-0.002070131
0.0005594337
0.003174702
0.005757338
0.008336909
0.01088563
0.01339078
0.01584249
0.01819791
0.02043664
0.02256158
0.02455929
0.02643884
0.02812723
0.02963736
0.03096396
0.03210149
0.03306302
0.03387893
0.03454927
0.03507194
0.03543023
0.03562073
0.03565895
0.03553225
0.03529557
0.03496917
0.03454882
0.0340483
0.03350078
0.03289117
0.03223584
0.03149806
0.03075357
0.0299443
0.02914955
0.02829013
0.02741367
0.02651677
0.02559131
0.02466648
0.02369854
0.02273753
0.0218132
0.02089403
0.01999161
0.01910198
0.01828251
0.01750732
0.01675661
0.01604534
0.01534847
0.01476894
0.014228
0.0137017
0.01321818
0.01269369
0.01215889
0.01157182
0.01094423
0.01026567
0.009544319
0.008838658
0.008099299
0.0073101
0.006466728
0.005545122
0.004555171
0.003463637
0.002282806
0.001032072
-0.0002785365
-0.001624916
-0.002990687
-0.004410256
-0.005737135
-0.007058531
-0.008274639
-0.009431282
-0.01048238
-0.01144151
-0.01226722
-0.01304144
-0.01374508
-0.01437862
-0.01493427
-0.01540554
-0.01576158
-0.01597982
-0.01610506
-0.01604392
-0.01588485
-0.01564801
-0.01534107
-0.01498563
-0.01459048
-0.01418236
-0.01376839
-0.01333553
-0.01287053
-0.01238507
-0.01186926
-0.01131553
-0.01069433
-0.01002954
-0.009348673
-0.008619488
-0.007904287
-0.007201524
-0.006489774
-0.00582611
-0.005132435
-0.004439838
-0.003709575
-0.002938171
-0.002127692
-0.001280761
-0.0003813808
0.0005526951
0.001525593
0.002528719
0.003548578
0.004606628
0.005698164
0.006805453
0.007939758
0.009033309
0.0101162
0.01112024
0.01208316
0.01299657
0.01383835
0.01459854
0.01524075
0.01579672
0.01623283
0.01654942
0.01674726
0.01679691
0.01668759
0.01645299
0.01609602
0.01559384
0.01492481
0.01410711
0.01312751
0.01200877
0.01076286
0.009408626
0.00791104
0.006393343
0.004779623
0.003138196
0.001425793
-0.000341539
-0.002135021
-0.003947516
-0.005759249
-0.007540861
-0.009288599
-0.01099216
-0.01259055
-0.0141428
-0.01559166
-0.01692807
-0.01813539
-0.01926237
-0.02028538
-0.02112954
-0.02186669
-0.02247244
-0.02296945
-0.02336141
-0.02361161
-0.02375068
-0.02381945
-0.02378611
-0.0236585
-0.02351385
-0.02328454
-0.02301027
-0.02274086
-0.02241001
-0.02200694
-0.02158665
-0.02112518
-0.02062274
-0.02007587
-0.0195255
-0.01896484
-0.01836999
-0.01774091
-0.01706987
-0.01636367
-0.01560907
-0.01483424
-0.01399032
-0.01307426
-0.01209832
-0.0110793
-0.009991938
-0.008862532
-0.007697344
-0.006479012
-0.005231735
-0.003934938
-0.002614189
-0.001220252
0.0001451205
0.001583567
0.003040516
0.004466703
0.005959392
0.007464394
0.008961542
0.01047345
0.01192105
0.01331758
0.01469086
0.01597158
0.01720987
0.0183697
0.0194744
0.02049933
0.021417
0.02228042
0.0230916
0.02382217
0.02450534
0.02514352
0.02572794
0.02627881
0.02679149
0.02724585
0.02763059
0.02792896
0.02810502
0.0281993
0.02817227
0.02803494
0.02779463
0.02744874
0.02702967
0.02653005
0.02592466
0.02530558
0.02455317
0.02377726
0.02295094
0.02207932
0.02118
0.02027159
0.01936593
0.01846739
0.01757675
0.01667848
0.01579799
0.01493503
0.0141114
0.01332802
0.01257955
0.01190651
0.01126182
0.01064051
0.010054
0.009489165
0.008953569
0.008498183
0.008062734
0.007669579
0.007315821
0.00697947
0.006643076
0.006317365
0.005955797
0.005607389
0.005248356
0.004879353
0.004515657
0.004144041
0.003764195
0.003407179
0.00304503
0.002670413
0.002289983
0.00193805
0.001584566
0.001272144
0.0009813978
0.0007155721
0.0004934639
0.0003394675
0.0002059622
0.0001481742
0.0001305447
0.0001913941
0.0003029917
0.0004566351
0.000683971
0.0009698442
0.001306173
0.001689709
0.002121693
0.002607643
0.003110292
0.003633513
0.004181334
0.004677507
0.005137518
0.005522152
0.005854368
0.006072275
0.006186755
0.006178375
0.006032423
0.005753787
0.005336754
0.004788447
0.004123124
0.003321354
0.002454653
0.001468136
0.0004018799
-0.0006874502
-0.001770189
-0.002866496
-0.003931708
-0.004975734
-0.005961383
-0.006906218
-0.007766949
-0.008634069
-0.009409554
-0.01014573
-0.01079981
-0.01137089
-0.0119042
-0.01235302
-0.01265669
-0.01288595
-0.01293638
-0.01287435
-0.01274737
-0.01247896
-0.01207188
-0.01151298
-0.01083784
-0.01002277
-0.009144296
-0.008157163
-0.007088419
-0.006000053
-0.004855877
-0.003708005
-0.00253661
-0.001391576
-0.0002312552
0.0009129114
0.002037334
0.003156058
0.004264136
0.005356721
0.006441613
0.007481566
0.008489461
0.009470191
0.0104111
0.01129182
0.01208154
0.01277678
0.01338359
0.01384561
0.01421917
0.01449485
0.01463787
0.01469271
0.01465421
0.0145369
0.01433713
0.0140642
0.01372134
0.01330917
0.01283567
0.0122119
0.01155069
0.01076339
0.009959764
0.009040742
0.008052529
0.007036485
0.005948608
0.004753707
0.003595428
0.002350399
0.001047377
-0.0002718486
-0.001655043
-0.003040574
-0.004459083
-0.00585751
-0.007305368
-0.008689267
-0.0101199
-0.01152278
-0.01283249
-0.01413799
-0.01539568
-0.01654258
-0.01764376
-0.0186585
-0.01961912
-0.02050134
-0.02128135
-0.02198434
-0.02262963
-0.02316047
-0.02361354
-0.0239955
-0.02427828
-0.02447415
-0.02457088
-0.02455285
-0.02443985
-0.02419585
-0.02386822
-0.02342079
-0.02285685
-0.0221895
-0.02142086
-0.02054521
-0.0195651
-0.01849323
-0.01730628
-0.01602345
-0.01463004
-0.01313079
-0.01153768
-0.009850741
-0.008059636
-0.006187126
-0.004234827
-0.002213142
-0.0001265892
0.002012053
0.004186255
0.006447695
0.008685855
0.01095015
0.01322264
0.01546153
0.01766892
0.01985995
0.0220184
0.02409321
0.02612548
0.02807601
0.02992444
0.03167459
0.03329022
0.03478867
0.0361704
0.03742282
0.03853714
0.03955075
0.04044251
0.04122633
0.04190939
0.04245586
0.04290183
0.04321839
0.04342503
0.04355731
0.043591
0.04355684
0.04340544
0.04320621
0.0429113
0.04256648
0.04211776
0.04159217
0.04098167
0.04026434
0.03943341
0.03851167
0.03746372
0.03625825
0.034968
0.03355518
0.03200798
0.03034933
0.02858846
0.02669941
0.02471131
0.02267476
0.02054429
0.01834579
0.01612199
0.01385648
0.01157238
0.009287156
0.006988079
0.004715924
0.002440041
0.0001816713
-0.002059458
-0.00425827
-0.006422746
-0.008506438
-0.01051463
-0.01243224
-0.01424128
-0.01593776
-0.01754599
-0.01904057
-0.02039648
-0.02165332
-0.02279547
-0.02379078
-0.02467503
-0.02542613
-0.02604072
-0.02654427
-0.02692954
-0.02721543
-0.02740632
-0.02751874
-0.02755303
-0.02749931
-0.02738838
-0.02721882
-0.02699939
-0.02677101
-0.02650879
-0.02624418
-0.02598702
-0.0257416
-0.02553744
-0.02537061
-0.02523287
-0.02517465
-0.02521189
-0.02525709
-0.02541891
-0.02561422
-0.02587302
-0.02616952
-0.0265075
-0.02686882
-0.02723678
-0.02761244
-0.02796975
-0.02830132
-0.02858908
-0.02879641
-0.02894546
-0.02897091
-0.02887076
-0.02865737
-0.02830607
-0.02781938
-0.02719455
-0.02640438
-0.02547093
-0.0243744
-0.02309107
-0.02164168
-0.02002715
-0.01824079
-0.01629056
-0.01419588
-0.01195973
-0.009592297
-0.007100449
-0.004484506
-0.001829067
0.0009247487
0.003673961
0.006436846
0.009175295
0.01190323
0.01457456
0.01717468
0.0196976
0.0220959
0.02440352
0.02656182
0.0285634
0.0304135
0.03214271
0.03368998
0.03507243
0.03634562
0.0374405
0.03835512
0.03915112
0.03977288
0.0402376
0.04054911
0.04073685
0.04080778
0.04073045
0.04053871
0.04027983
0.03989395
0.03943281
0.03894722
0.0383741
0.03777822
0.03717544
0.03657273
0.03595209
0.03537937
0.03484317
0.03435497
0.03386924
0.03347224
0.03312242
0.03284991
0.0325921
0.03240752
0.03222149
0.03208341
0.03194626
0.03180507
0.03168464
0.0315561
0.03142792
0.03125708
0.03102623
0.03073108
0.03037412
0.02989783
0.02928691
0.02854671
0.02767802
0.02664005
0.02543354
0.02406913
0.02252087
0.02083206
0.01901462
0.01702677
0.01493933
0.01273352
0.01042929
0.008018055
0.005533905
0.002989599
0.0003959162
-0.0022743
-0.004967386
-0.007675787
-0.01039402
-0.01311336
-0.01582731
-0.01847658
-0.02110753
-0.02365834
-0.02611401
-0.02848178
-0.0307453
-0.03289855
-0.03492415
-0.03683429
-0.03856565
-0.0401781
-0.04161614
-0.04290535
-0.04402057
-0.0449732
-0.04580422
-0.04641506
-0.04688851
-0.04721236
-0.04744254
-0.04752047
-0.04749752
-0.04738272
-0.04720398
-0.04692473
-0.04661569
-0.04627245
-0.04590415
-0.0454799
-0.04501539
-0.04453323
-0.04401888
-0.0434674
-0.04287054
-0.04221794
-0.04152281
-0.04077844
-0.03997985
-0.03911657
-0.0382165
-0.03725676
-0.03622685
-0.03512624
-0.03394988
-0.03269143
-0.0313684
-0.02993231
-0.02843706
-0.02682995
-0.02512297
-0.02335148
-0.02149618
-0.01955737
-0.01754397
-0.01549466
-0.01337814
-0.01121588
-0.009049281
-0.006885998
-0.004714068
-0.002525687
-0.0003437887
0.001816115
0.003946523
0.006033349
0.008090336
0.0100822
0.01200557
0.01383869
0.01567173
0.0174256
0.01907815
0.02066322
0.02217286
0.02361203
0.02497415
0.02624145
0.02746585
0.02860277
0.02968407
0.03071839
0.03166335
0.03256777
0.03341903
0.03423446
0.03501198
0.0357685
0.0364873
0.03721273
0.03791085
0.03856499
0.03920457
0.03978614
0.0403525
0.04084109
0.04126837
0.04165489
0.04197727
0.04222801
0.04241021
0.04249025
0.04250331
0.04239972
0.04222554
0.04193574
0.04155024
0.04106651
0.04050463
0.03984257
0.03907951
0.03822764
0.03730083
0.03632073
0.03525008
0.03413453
0.03295573
0.03170967
0.03042783
0.02910708
0.02781929
0.02649915
0.02515146
0.02382055
0.02250394
0.02120607
0.01993369
0.01868265
0.01744713
0.01624338
0.01504961
0.01385594
0.01269436
0.01154801
0.01041782
0.009296073
0.008186128
0.007055076
0.005962115
0.004867791
0.003809082
0.002764226
0.001754837
0.0007548785
-0.0002025767
-0.001131182
-0.002039249
-0.002913748
-0.003778815
-0.004619985
-0.00543052
-0.006226995
-0.006979818
-0.007724411
-0.008445435
-0.009135016
-0.009796859
-0.0104212
-0.011014
-0.01156393
-0.0120666
-0.01250681
-0.01290304
-0.01320738
-0.01347425
-0.0136926
-0.01384764
-0.01395441
-0.01398667
-0.01397783
-0.01396085
-0.01385919
-0.01372514
-0.01354503
-0.01338618
-0.01308811
-0.01283817
-0.01259515
-0.01231881
-0.0120973
-0.01183992
-0.01158198
-0.01137109
-0.01118974
-0.01104518
-0.01093094
-0.01082038
-0.01076543
-0.01071431
-0.01070866
-0.01073152
-0.01078766
-0.0108593
-0.01094543
-0.01103172
-0.01109895
-0.01112643
-0.01114368
-0.01111852
-0.01105709
-0.01095789
-0.01081268
-0.01059982
-0.01033238
-0.01002677
-0.009614662
-0.009163625
-0.008633498
-0.008015947
-0.007311099
-0.006537402
-0.005675445
-0.004743518
-0.003748726
-0.002675733
-0.001559613
-0.0003880346
0.0008450531
0.002085425
0.003378261
0.00467723
0.006009207
0.007338321
0.008654176
0.009977931
0.01132891
0.01257486
0.01384021
0.01505404
0.016262
0.01741164
0.01853199
0.01960247
0.02064144
0.02163679
0.02259823
0.02347662
0.02433927
0.02513233
0.02588218
0.02658306
0.02722077
0.02780156
0.02834601
0.02880135
0.02917472
0.02955789
0.02981496
0.030023
0.03018427
0.03029272
0.03034508
0.03031285
0.03022715
0.03012231
0.02991847
0.02965948
0.02937213
0.02903012
0.02860714
0.02815193
0.02764668
0.02709197
0.02649334
0.02585763
0.02516263
0.02443574
0.02365601
0.02282849
0.02199722
0.02111998
0.02019649
0.01923381
0.01825504
0.01721533
0.01612692
0.01504447
0.01391917
0.01277671
0.01159692
0.01040244
0.009207491
0.00798573
0.006762161
0.005540671
0.004309353
0.003079622
0.001842305
0.000625986
-0.0005977941
-0.001813774
-0.002989002
-0.004179033
-0.005322336
-0.006449191
-0.007576955
-0.00866141
-0.009681419
-0.0107295
-0.01171078
-0.01265458
-0.01355312
-0.01439761
-0.01519578
-0.01594856
-0.01663157
-0.01724237
-0.01778602
-0.01828368
-0.01869843
-0.01904826
-0.01927621
-0.01952078
-0.01962903
-0.01969653
-0.01968876
-0.01962774
-0.01945436
-0.01922517
-0.01904947
-0.01876292
-0.01835833
-0.0180475
-0.01763299
-0.01711837
-0.01664486
-0.01611176
-0.0155311
-0.01496474
-0.01432563
-0.01366985
-0.0130022
-0.0122879
-0.01157571
-0.01081751
-0.01006847
-0.0092964
-0.008503685
-0.007698673
-0.00689269
-0.006068139
-0.005242697
-0.004412635
-0.0035798
-0.002754492
-0.001940902
-0.001118672
-0.0003430929
0.0004551546
0.001248721
0.001997021
0.002703019
0.003402655
0.004094494
0.004755135
0.005379128
0.005997461
0.006589183
0.007169723
0.007721895
0.008282194
0.008826262
0.009337186
0.009860076
0.01034758
0.01084427
0.01128539
0.01174697
0.0121674
0.01257135
0.0129348
0.01328603
0.01362663
0.01393084
0.01419679
0.01444446
0.01463692
0.0147999
0.01494635
0.01506732
0.01511052
0.01514355
0.01515722
0.0151367
0.0151154
0.01502244
0.01491874
0.0148292
0.01471859
0.01454509
0.01438863
0.01421689
0.01401828
0.01382808
0.01362392
0.01342286
0.01320124
0.01298449
0.01276257
0.01252888
0.01229021
0.01205499
0.0117996
0.01154167
0.01128494
0.01102454
0.01076114
0.01049766
0.01025493
0.009974916
0.009691668
0.009434489
0.009169847
0.008900593
0.008635907
0.008380459
0.008119551
0.007858711
0.007602044
0.007359603
0.00710302
0.00685066
0.006590721
0.006349652
0.006110136
0.005839871
0.005570646
0.005324525
0.005082081
0.004777758
0.004520428
0.004206512
0.003917019
0.003607519
0.003326603
0.003005482
0.002678468
0.002376599
0.002098643
0.001737009
0.001457705
0.001120377
0.000859488
0.0004951374
0.0002729839
-6.451331E-05
-0.0003058469
-0.0005951574
-0.0009140316
-0.001194758
-0.0014077
-0.001636383
-0.001898868
-0.002081929
-0.002341516
-0.002561613
-0.002676978
-0.002865905
-0.003045961
-0.003192524
-0.003319929
-0.003404225
-0.003500467
-0.003582641
-0.003612181
-0.003654709
-0.003664487
-0.003677036
-0.003676162
-0.003652463
-0.003604568
-0.003563245
-0.003486713
-0.003401525
-0.003310474
-0.003201734
-0.003071255
-0.002949165
-0.002817732
-0.002720232
-0.002572686
-0.002397483
-0.002202581
-0.002039949
-0.001895104
-0.001661559
-0.001456046
-0.00126452
-0.001096754
-0.0008801921
-0.0006080185
-0.0004029877
-0.0001421443
0.000111973
0.0004196382
0.00068057
0.001001652
0.001300186
0.001576421
0.001861914
0.002191935
0.002526912
0.002809642
0.003112172
0.003466973
0.003833279
0.004146258
0.004451501
0.004779279
0.005129669
0.005478174
0.005772713
0.006103584
0.006452737
0.006770442
0.007063688
0.007346953
0.007609896
0.00786168
0.008127747
0.008392145
0.008605568
0.008805264
0.00898262
0.009214282
0.009332174
0.009535231
0.00966074
0.009762948
0.009827812
0.009931466
0.009990885
0.01006601
0.01003619
0.01001886
0.01004086
0.009959214
0.009895862
0.00986557
0.009768848
0.009631773
0.009492092
0.009352074
0.009229362
0.00906532
0.008952994
0.008776948
0.008538694
0.008316314
0.008139928
0.007906576
0.007718816
0.007498583
0.007246791
0.007025935
0.006781338
0.006513532
0.006256696
0.00605141
0.005812131
0.00556554
0.005309176
0.005101
0.004871702
0.004636713
0.004364531
0.0041164
0.003918462
0.003672517
0.003438419
0.00323527
0.002987621
0.002802752
0.002614798
0.002434322
0.002193171
0.002024631
0.001887734
0.001638371
0.00152268
0.001341528
0.001143527
0.001055467
0.0008754324
0.0007474357
0.0005718007
0.0005093732
0.0003351413
0.0002864074
0.0001491482
6.039229E-05
6.801727E-05
9.416834E-06
-0.0001034615
-7.882272E-05
-6.006034E-05
-0.0001754275
-6.243605E-05
-6.967234E-05
-0.0001319901
-0.0001066413
1.06455E-06
1.122794E-06
6.297026E-05
0.000182687
0.0001634047
0.0002683455
0.000448423
0.0005380343
0.0005897384
0.0006560479
0.0008599377
0.0008968326
0.001067375
0.00117459
0.001256634
0.001371305
0.001528559
0.001639426
0.00173184
0.001898997
0.002021032
0.002109917
0.00221065
0.002336828
0.002480678
0.002626946
0.002693873
0.002867905
0.002975537
0.003042478
0.003206538
0.003237676
0.003394553
0.003440045
0.003594919
0.003653306
0.003731705
0.003893055
0.003956332
0.004011
0.004182609
0.004194474
0.004318779
0.004414381
0.004563826
0.004567594
0.00469387
0.004801995
0.004827654
0.004982212
0.004967037
0.005137777
0.005198059
0.005224506
0.005272397
0.005389958
0.005434267
0.005452983
0.005552543
0.005574676
0.005582416
0.005682389
0.005732847
0.005711823
0.005696208
0.005769434
0.005705251
0.005737312
0.005775201
0.005686985
0.005753329
0.005715515
0.005630549
0.005643784
0.005560641
0.005530338
0.005535554
0.005485326
0.005374017
0.005364542
0.005309455
0.005194316
0.005122319
0.005069341
0.005022963
0.004915738
0.004888141
0.0047955
0.004691713
0.004625116
0.004560558
0.004444862
0.004345789
0.004281658
0.0041457
0.004073116
0.003983784
0.003869907
0.003777036
0.003649427
0.003555585
0.003447247
0.003311923
0.003266955
0.003125271
0.002988554
0.002945399
0.002819983
0.002673738
0.002628135
0.002518449
0.002404614
0.002362259
0.002218513
0.002149828
0.002152456
0.002070877
0.001941839
0.001916955
0.001884183
0.001788187
