-2.917826E-06
5.059967E-05
4.830113E-06
4.833741E-05
-1.086102E-05
-1.975511E-06
-3.343112E-05
-5.779799E-05
-0.0001983254
-0.0002181421
-0.0003609119
-0.0003959351
-0.0005497946
-0.0006212128
-0.0008405988
-0.0009271473
-0.001117152
-0.001200711
-0.00140465
-0.001466479
-0.001679029
-0.001735282
-0.00190496
-0.002073062
-0.002177757
-0.002282385
-0.00234632
-0.002535088
-0.00260568
-0.002640987
-0.002754313
-0.002777075
-0.002774148
-0.002828351
-0.002853993
-0.002846722
-0.002888454
-0.00281191
-0.002882842
-0.002839943
-0.002808705
-0.002794615
-0.002794331
-0.002708396
-0.00268444
-0.002713325
-0.002589617
-0.002540581
-0.002569683
-0.002460212
-0.002399802
-0.002383088
-0.002288653
-0.002202457
-0.002189157
-0.002042265
-0.001961891
-0.001847847
-0.00172784
-0.001556061
-0.001364668
-0.001172591
-0.0009799048
-0.0007694134
-0.0005265547
-0.0003225501
-9.960775E-05
6.806946E-05
0.0002307375
0.0003786918
0.0005266092
0.0006434957
0.0007040245
0.0007731193
0.0007566888
0.0008010587
0.0007950141
0.0006980146
0.0005548294
0.0004056534
0.0001750996
-0.0001118871
-0.0004727704
-0.0008375321
-0.001320454
-0.001821656
-0.002402265
-0.002987903
-0.003657529
-0.004293608
-0.004906432
-0.005589816
-0.006255987
-0.006891222
-0.007611647
-0.008263595
-0.008968251
-0.00967718
-0.01034586
-0.01103424
-0.01169115
-0.01228671
-0.01288124
-0.01335897
-0.01383037
-0.01422175
-0.01458742
-0.01487365
-0.01510337
-0.01532352
-0.01550128
-0.01555928
-0.01566051
-0.0157271
-0.01569968
-0.01569115
-0.01558296
-0.01549105
-0.01534166
-0.01518428
-0.01501796
-0.01476008
-0.01451381
-0.01421067
-0.01391015
-0.01352405
-0.0131383
-0.01268652
-0.01216811
-0.01156893
-0.01093243
-0.01021714
-0.009439734
-0.008586514
-0.007715467
-0.006773915
-0.005803562
-0.00475219
-0.00365176
-0.00250169
-0.001346218
-0.0001258391
0.001134788
0.002381147
0.003724416
0.004984186
0.006262276
0.00755272
0.008841183
0.01014849
0.01143192
0.01270152
0.01396576
0.01519351
0.01637211
0.01754296
0.01865437
0.01970917
0.020734
0.02170174
0.02255743
0.02332341
0.02397637
0.024517
0.02495106
0.02526549
0.02548331
0.02562337
0.02565861
0.02561077
0.02543003
0.02515046
0.02479061
0.02429893
0.02377329
0.0231431
0.02243905
0.02167854
0.0208578
0.01999751
0.0190508
0.01816305
0.01722559
0.01635431
0.0154782
0.01467077
0.01386426
0.01310442
0.01243053
0.01175342
0.01112399
0.01046952
0.009904057
0.009301367
0.008797454
0.008301104
0.007916986
0.007501323
0.007036971
0.00650829
0.00588544
0.005286376
0.004590272
0.003834646
0.002997542
0.002118157
0.001120958
4.11893E-05
-0.001110779
-0.002354724
-0.003632506
-0.005055026
-0.006517321
-0.008090859
-0.009726005
-0.01145392
-0.01320869
-0.01496596
-0.01672446
-0.01844535
-0.02013935
-0.0217702
-0.02333016
-0.02480008
-0.02613054
-0.02731443
-0.02838939
-0.02919658
-0.02978804
-0.03022196
-0.03047588
-0.03054321
-0.03037564
-0.02994295
-0.02921341
-0.02816601
-0.02688481
-0.02539276
-0.0237388
-0.02199119
-0.02013288
-0.0182571
-0.01644466
-0.0147461
-0.01316344
-0.01166668
-0.01021713
-0.0087913
-0.00746571
-0.006081585
-0.004779189
-0.00353272
-0.002290608
-0.001197489
-0.0001653885
0.0006508029
0.00141598
0.001953683
0.002193642
0.002215306
0.002030751
0.001740312
0.001271885
0.0006769455
-2.461368E-05
-0.0007995521
-0.001690292
-0.002634247
-0.003722765
-0.004914204
-0.006152616
-0.007484364
-0.008817204
-0.01020376
-0.01168758
-0.01317263
-0.01471902
-0.01627131
-0.01787729
-0.01948242
-0.02110497
-0.02266756
-0.02421203
-0.02556083
-0.02673162
-0.02771985
-0.02848093
-0.02897276
-0.02915462
-0.02908049
-0.02868034
-0.02797201
-0.02697808
-0.02571881
-0.0242851
-0.02267249
-0.0209041
-0.01892828
-0.01670469
-0.01419225
-0.01152634
-0.008658727
-0.00563143
-0.002447149
0.0009518266
0.004565389
0.008330004
0.0123089
0.01638869
0.02056433
0.02481166
0.02898812
0.03307338
0.03696334
0.04058358
0.04396565
0.04694577
0.04961361
0.05193992
0.05394667
0.05563401
0.05696306
0.057978
0.05876332
0.05924768
0.05954693
0.05964608
0.05954441
0.05932293
0.05887185
0.05824465
0.05747932
0.05654746
0.05551164
0.05430186
0.05299206
0.05155834
0.04997313
0.0482779
0.04655085
0.04478096
0.04294947
0.04114538
0.03928881
0.03744693
0.03554116
0.03358998
0.031672
0.02975157
0.02782195
0.02589548
0.02401388
0.02203901
0.02007884
0.01813798
0.01624712
0.01440615
0.01261561
0.01094653
0.009415209
0.008020597
0.006770009
0.005675861
0.004605497
0.003713462
0.00293947
0.002186331
0.001641477
0.00110475
0.0005197757
-1.322918E-05
-0.0005787907
-0.001213258
-0.001862375
-0.002493762
-0.003141169
-0.003849219
-0.00466834
-0.005579114
-0.006635859
-0.007793224
-0.009090529
-0.01051088
-0.01205318
-0.01368763
-0.01541781
-0.01726522
-0.0191597
-0.02112013
-0.0231334
-0.02517225
-0.02723715
-0.02931551
-0.03136134
-0.03341999
-0.03540122
-0.03735418
-0.03922988
-0.04100071
-0.04274005
-0.04425367
-0.04562945
-0.04687846
-0.04794187
-0.04885069
-0.04963275
-0.05025753
-0.05083694
-0.05134562
-0.05179803
-0.05225002
-0.05267036
-0.05307224
-0.05348022
-0.05387418
-0.05426776
-0.05467806
-0.0550652
-0.0554812
-0.05578171
-0.05605951
-0.05624645
-0.05635599
-0.05637841
-0.05624908
-0.05599469
-0.05559422
-0.05492729
-0.0540249
-0.05289973
-0.05144706
-0.0497352
-0.04774053
-0.04546353
-0.04295527
-0.04018917
-0.03716879
-0.03391774
-0.03042008
-0.02664038
-0.02265785
-0.01853052
-0.01424713
-0.009881836
-0.005412664
-0.0008785965
0.003721638
0.008374154
0.01301753
0.01768583
0.02228951
0.02676608
0.03116287
0.03538749
0.03940301
0.04318167
0.04669899
0.04989092
0.05282773
0.05546343
0.0577942
0.05982617
0.06156585
0.06308443
0.06433273
0.06535394
0.06623685
0.06685732
0.06732147
0.06755684
0.06758578
0.06745162
0.0670997
0.06656136
0.06585447
0.06489249
0.06380739
0.06259037
0.06121481
0.0596971
0.05803399
0.05633698
0.05448649
0.05249941
0.05041877
0.04823447
0.04594404
0.04350746
0.0409998
0.03843528
0.03579955
0.03313658
0.03043282
0.02767563
0.02489006
0.02206618
0.01913306
0.016183
0.01319557
0.01020584
0.007207009
0.004275428
0.001347023
-0.001500548
-0.004247783
-0.006876267
-0.009397653
-0.01178108
-0.01404095
-0.01616746
-0.01810818
-0.01991436
-0.02158791
-0.023138
-0.02451347
-0.02582337
-0.02703227
-0.02818374
-0.02926227
-0.03025828
-0.03121147
-0.03207349
-0.03289813
-0.03365368
-0.03434478
-0.03495212
-0.03546847
-0.03587892
-0.03618786
-0.03637084
-0.03642245
-0.03635322
-0.03619142
-0.03592921
-0.03554174
-0.0350303
-0.0344358
-0.03372968
-0.03290167
-0.0319289
-0.0307994
-0.02956312
-0.02818337
-0.02672244
-0.02514764
-0.0234193
-0.0215169
-0.01943418
-0.0172424
-0.01492313
-0.01246244
-0.009970566
-0.007392853
-0.004785605
-0.002178453
0.0004454055
0.003044169
0.005534755
0.007934818
0.01029402
0.01251651
0.01458884
0.01653342
0.018315
0.01996097
0.02135333
0.02256014
0.02352581
0.02417061
0.02447508
0.02446826
0.02413657
0.02350223
0.02257058
0.02135994
0.01986566
0.01808958
0.01606444
0.01374444
0.01126072
0.008570839
0.005745917
0.00284048
-0.0001834757
-0.003322981
-0.006465079
-0.009762724
-0.01304617
-0.01640065
-0.01978423
-0.02312286
-0.02637884
-0.02955812
-0.03265759
-0.03567169
-0.03854283
-0.0412706
-0.04381122
-0.04616853
-0.04830347
-0.05019485
-0.05185744
-0.0533044
-0.05450784
-0.0555386
-0.05631825
-0.05683664
-0.05713424
-0.05719884
-0.05699902
-0.05657553
-0.05585539
-0.05499192
-0.05399867
-0.05285221
-0.05157999
-0.05015124
-0.0485646
-0.04674881
-0.0447494
-0.04252133
-0.04009718
-0.03748034
-0.03470835
-0.03182353
-0.02885743
-0.02578618
-0.02263265
-0.01939397
-0.01604441
-0.0125774
-0.009030828
-0.005437286
-0.001787351
0.001857752
0.005527253
0.009218269
0.01287649
0.01651197
0.02005578
0.02350427
0.02685509
0.03008822
0.03320958
0.03619714
0.03902095
0.04162792
0.04398463
0.04608404
0.04794485
0.04953744
0.05090313
0.05208809
0.0530575
0.05384434
0.05449347
0.05503768
0.05546566
0.05586219
0.05618986
0.05652308
0.05682291
0.0571273
0.05742577
0.05772901
0.05798658
0.05823974
0.05850463
0.05878587
0.05909328
0.05936905
0.05964849
0.05992663
0.06019386
0.060426
0.06056691
0.0607087
0.06081336
0.06085766
0.0608235
0.0606153
0.06024282
0.05967078
0.05886612
0.05784407
0.05655538
0.05506467
0.05342682
0.05159124
0.04959184
0.04738507
0.0449729
0.04237437
0.03958772
0.036612
0.03349747
0.03026241
0.02694287
0.0235992
0.02018982
0.01675148
0.01334519
0.009938694
0.006609605
0.003309637
5.971261E-05
-0.003136026
-0.006283616
-0.009451208
-0.01256971
-0.01563609
-0.01863295
-0.02151302
-0.02422771
-0.026761
-0.02913387
-0.0313759
-0.03347858
-0.03547539
-0.03734274
-0.03922033
-0.04097774
-0.04268082
-0.04432476
-0.04589633
-0.0473463
-0.04865226
-0.04980459
-0.05078662
-0.05157191
-0.05217318
-0.05254203
-0.05274759
-0.05280201
-0.05267948
-0.05238502
-0.05192222
-0.051281
-0.05044458
-0.04943693
-0.04824136
-0.04686408
-0.04534031
-0.04367434
-0.04190593
-0.04000641
-0.03798782
-0.03585348
-0.03359172
-0.03120669
-0.02872632
-0.02620272
-0.02359233
-0.02098126
-0.0182706
-0.01555124
-0.01281106
-0.01008671
-0.007366936
-0.00471338
-0.002046963
0.0004238855
0.002865186
0.005122538
0.007229167
0.009119341
0.01080877
0.01226228
0.01348461
0.01443447
0.01510708
0.01551968
0.01569613
0.01564691
0.01536502
0.01490302
0.01426372
0.01346386
0.01250434
0.01137124
0.0100746
0.008651141
0.00710866
0.005484133
0.003809528
0.00206574
0.0003022435
-0.00153755
-0.003329319
-0.005105274
-0.00685609
-0.008527992
-0.01016461
-0.01173251
-0.01324349
-0.01466467
-0.01605484
-0.01739389
-0.01867545
-0.01993258
-0.02115652
-0.02239125
-0.02360465
-0.0248127
-0.02601585
-0.02726884
-0.02855201
-0.02986105
-0.03112125
-0.0323656
-0.03353744
-0.03469411
-0.03582302
-0.03692709
-0.03797214
-0.03899756
-0.0399296
-0.04074341
-0.04148464
-0.04210613
-0.0426158
-0.043027
-0.04324608
-0.04329851
-0.04318411
-0.04299221
-0.04261735
-0.04209573
-0.0414737
-0.04070669
-0.03980438
-0.03874089
-0.0375523
-0.03628705
-0.03492669
-0.03346279
-0.03190113
-0.03021932
-0.02844555
-0.02659464
-0.02468067
-0.02271242
-0.02070873
-0.01864951
-0.01655551
-0.0144098
-0.01220659
-0.009912949
-0.007621377
-0.005248151
-0.002836854
-0.0003934065
0.002118835
0.004737482
0.007408088
0.01015072
0.01297675
0.01584105
0.01872695
0.02162382
0.02449507
0.02732512
0.03009478
0.03281158
0.035444
0.0380155
0.04053473
0.04299547
0.04539218
0.04770523
0.04993507
0.05207178
0.05411316
0.0560482
0.05786337
0.05957673
0.06115873
0.06262813
0.06396434
0.06513333
0.06614642
0.06700844
0.06771382
0.06827037
0.06868778
0.06896029
0.06910241
0.06909191
0.06891533
0.06856161
0.06806282
0.06745256
0.06666782
0.06581067
0.06482411
0.06374069
0.06257027
0.06126377
0.05985709
0.05831353
0.05667213
0.05495917
0.0531339
0.0512399
0.04924214
0.04718406
0.04502163
0.0427769
0.04043104
0.03804476
0.03562516
0.03320173
0.03071715
0.0282271
0.0257785
0.02336653
0.02091794
0.01854697
0.01621961
0.01387801
0.01160688
0.00937433
0.007206596
0.005078163
0.003030507
0.001015119
-0.000909794
-0.002746599
-0.004493902
-0.006167064
-0.007742405
-0.009272251
-0.01072973
-0.01218909
-0.01362548
-0.01507721
-0.01655483
-0.01804372
-0.01961209
-0.0212418
-0.02296013
-0.02466775
-0.02648327
-0.02835652
-0.03022603
-0.03209
-0.0339474
-0.03581713
-0.03762298
-0.03938482
-0.04098837
-0.04255587
-0.04398191
-0.04527463
-0.04648458
-0.04756935
-0.04857216
-0.04947406
-0.05026544
-0.05097299
-0.05154127
-0.05201161
-0.0523372
-0.05250196
-0.05250078
-0.05231614
-0.05192678
-0.05131635
-0.05047428
-0.04940229
-0.04807151
-0.04652406
-0.04473522
-0.04274328
-0.04058702
-0.03824673
-0.03580388
-0.03326273
-0.03066769
-0.02807185
-0.02544898
-0.02283519
-0.02025808
-0.01770513
-0.01512504
-0.01254679
-0.009984585
-0.007438184
-0.004916361
-0.002353451
0.0001742298
0.002676745
0.005126842
0.00748972
0.009727117
0.01181153
0.013725
0.0154502
0.01698227
0.01827317
0.01938281
0.02030977
0.02101714
0.02157579
0.02194178
0.02214444
0.02220527
0.02211435
0.02186649
0.02147019
0.02090658
0.02019177
0.01931638
0.01829868
0.01712264
0.01578603
0.01430957
0.01268755
0.01091274
0.008987214
0.006943674
0.004814348
0.002571775
0.0002444419
-0.002096273
-0.004539485
-0.006956639
-0.009392559
-0.01184245
-0.0142779
-0.01668986
-0.01907346
-0.02143565
-0.02376282
-0.02604659
-0.02828406
-0.03049784
-0.03266643
-0.0347635
-0.0368069
-0.03874964
-0.04060587
-0.04242618
-0.04406802
-0.04563331
-0.04703528
-0.04830588
-0.04942366
-0.05035563
-0.05113095
-0.05173297
-0.05219167
-0.05244768
-0.05253682
-0.05246824
-0.05220908
-0.05179171
-0.0511894
-0.0503974
-0.04941611
-0.04822126
-0.04684186
-0.04527134
-0.04352814
-0.04158486
-0.03950509
-0.0372572
-0.03487094
-0.03235563
-0.02971842
-0.02696615
-0.02409528
-0.02112036
-0.01805445
-0.01491899
-0.01172078
-0.008413486
-0.005054603
-0.001599361
0.001922905
0.005524684
0.009208139
0.01291035
0.01665612
0.02041983
0.02419848
0.02797864
0.03174813
0.03545379
0.03917119
0.04287781
0.04645994
0.0499494
0.05331835
0.0565518
0.05961928
0.06257832
0.0653722
0.06803389
0.07056191
0.07294562
0.07522017
0.07735799
0.07936908
0.08126797
0.08301894
0.08462873
0.08612649
0.08745661
0.08862199
0.0896224
0.0904479
0.09113225
0.09163109
0.09194
0.09204812
0.0920043
0.09180703
0.09141272
0.09079497
0.0900482
0.08912007
0.08799287
0.08667798
0.08515006
0.08341142
0.08145814
0.0792635
0.07687022
0.07421202
0.07141896
0.06840315
0.06523555
0.06195052
0.05856329
0.05511385
0.05161425
0.04809077
0.04457756
0.04105448
0.03762766
0.03419373
0.03084144
0.02752069
0.02427942
0.02108956
0.0179499
0.01485702
0.01177877
0.008732996
0.005697336
0.002675299
-0.0003282081
-0.003317149
-0.006299207
-0.009302697
-0.012296
-0.01528511
-0.01830423
-0.02133512
-0.02437283
-0.0274605
-0.03057006
-0.03376737
-0.03701336
-0.04031181
-0.04369404
-0.04713072
-0.0506332
-0.05415988
-0.05773469
-0.06131837
-0.06490573
-0.06847019
-0.0719798
-0.07541295
-0.07874925
-0.08194186
-0.08497912
-0.08779712
-0.09040782
-0.09277412
-0.09488834
-0.09677266
-0.09839909
-0.09979494
-0.1009185
-0.1018198
-0.1024942
-0.1028742
-0.103068
-0.1030084
-0.1027
-0.1021683
-0.1014074
-0.1004304
-0.0992247
-0.09776927
-0.09610397
-0.09417184
-0.09205306
-0.08975313
-0.08728381
-0.08463867
-0.08182787
-0.07888421
-0.07584026
-0.07270077
-0.06947763
-0.06620734
-0.06289752
-0.05957579
-0.0562233
-0.05284627
-0.04949662
-0.04613282
-0.04281076
-0.03953473
-0.03628327
-0.03309055
-0.02996301
-0.02691498
-0.02393006
-0.02103727
-0.01822835
-0.01547928
-0.01282477
-0.01023193
-0.00771896
-0.005273256
-0.002850557
-0.0004815408
0.001876501
0.004217867
0.00657363
0.008933665
0.01133373
0.0137545
0.01623215
0.01875051
0.02130925
0.02391716
0.02657219
0.02923428
0.03191774
0.03459008
0.0372408
0.0398642
0.04246622
0.04501268
0.04750104
0.04992349
0.05225883
0.05449692
0.05661166
0.05857698
0.06042928
0.0621002
0.06356759
0.06487891
0.06594458
0.06678713
0.06734717
0.06772386
0.06783722
0.06766801
0.06726544
0.06661858
0.06570825
0.06457594
0.06319332
0.06158254
0.05974506
0.05772659
0.05549811
0.0530794
0.05052849
0.04782421
0.04499807
0.04211008
0.03915562
0.03612281
0.0330561
0.0299968
0.02692669
0.02388717
0.02088955
0.01792072
0.0150177
0.01216932
0.009397692
0.006677476
0.004055945
0.001493709
-0.0009919433
-0.003385838
-0.005708189
-0.007960076
-0.01012487
-0.01223417
-0.01427777
-0.01624442
-0.01819894
-0.02011494
-0.02197749
-0.02377525
-0.02556247
-0.02730453
-0.02899169
-0.03062839
-0.03224278
-0.03379082
-0.03528329
-0.0367263
-0.03807579
-0.03939639
-0.04062751
-0.04180267
-0.04292317
-0.04394846
-0.04492657
-0.045827
-0.0466105
-0.04732781
-0.04792701
-0.04842989
-0.04880155
-0.04903122
-0.04916185
-0.04913402
-0.04897029
-0.04867067
-0.04823866
-0.04768427
-0.04701848
-0.04624045
-0.0453495
-0.04440029
-0.04335784
-0.04221252
-0.04105778
-0.03982438
-0.03856644
-0.03727971
-0.03597356
-0.03469014
-0.03341383
-0.03212771
-0.0308886
-0.02965472
-0.02836934
-0.02719797
-0.02604703
-0.02492107
-0.02381164
-0.02273362
-0.02166991
-0.02062192
-0.01955521
-0.01854319
-0.01753375
-0.01650896
-0.01550768
-0.01450602
-0.01350544
-0.01250526
-0.01150019
-0.01045136
-0.009362787
-0.008248867
-0.007090992
-0.005901149
-0.004657179
-0.003378757
-0.002061782
-0.0006964805
0.000724165
0.002183948
0.00366603
0.005179527
0.006685882
0.008169549
0.009627392
0.01104942
0.0123935
0.01367873
0.01486058
0.01593473
0.01688898
0.01773173
0.01842406
0.01902886
0.01947501
0.01978775
0.01994918
0.01996915
0.01984441
0.01965437
0.01931454
0.01887376
0.01833184
0.01771767
0.01701252
0.01627772
0.01546843
0.01466254
0.01380646
0.0128835
0.01202954
0.01107605
0.0102192
0.009324184
0.008421827
0.00758991
0.00675721
0.005954455
0.005196029
0.00446161
0.003768933
0.003127095
0.002569059
0.002058726
0.001618215
0.001238148
0.0008742142
0.0005909789
0.0003660435
0.0001473935
6.75751E-06
-0.0001190564
-0.0002151642
-0.0002885214
-0.0003273635
-0.0003711465
-0.0003740267
-0.0003738914
-0.0003283893
-0.0002685557
-0.0001436941
-1.699443E-05
0.0002154365
0.0005095376
0.0008451905
0.001250717
0.001714293
0.002238902
0.002807426
0.00342539
0.004074278
0.004761379
0.005441914
0.006176131
0.006877348
0.007564205
0.008222446
0.00888805
0.009489949
0.01011274
0.01065383
0.0111456
0.01160072
0.01201803
0.01236281
0.01267315
0.01290503
0.01310546
0.01322972
0.01335078
0.01340678
0.01340141
0.01333396
0.01319633
0.01306146
0.01290341
0.01275702
0.01259982
0.01241253
0.01228009
0.01213892
0.01205172
0.01194768
0.01185514
0.01181025
0.01181111
0.01182706
0.01186135
0.01192866
0.01201032
0.01213753
0.01228375
0.01243167
0.01261768
0.01279898
0.01299031
0.01315884
0.0133407
0.01343935
0.01357543
0.01366155
0.01373795
0.01377728
0.01376082
0.01372031
0.01366447
0.01354493
0.01341404
0.01320491
0.01298109
0.01273342
0.01242675
0.01213211
0.01175398
0.01141065
0.01100053
0.01056378
0.01013877
0.009666675
0.009208412
0.008730982
0.008259754
0.007772618
0.007295778
0.00679223
0.006272302
0.0057845
0.005250722
0.004717267
0.004148389
0.003580914
0.003007937
0.002394102
0.001785655
0.001156878
0.0005167953
-0.000162447
-0.0008506408
-0.001549685
-0.002249942
-0.00296246
-0.003716138
-0.004443201
-0.005170295
-0.005900489
-0.006637666
-0.007329996
-0.008003797
-0.00866306
-0.009336144
-0.009955125
-0.01054165
-0.01111063
-0.01165217
-0.01213356
-0.01261283
-0.01306655
-0.01346745
-0.0138446
-0.01420337
-0.01454059
-0.01480821
-0.01510155
-0.01533918
-0.01555122
-0.01576127
-0.01594276
-0.01610565
-0.01622529
-0.01636584
-0.01646578
-0.01655944
-0.01661867
-0.01667599
-0.01670608
-0.01670299
-0.01670151
-0.0166754
-0.01662622
-0.01655052
-0.01647753
-0.01637428
-0.01623651
-0.01609701
-0.01592881
-0.01575585
-0.01555212
-0.01533031
-0.01509685
-0.0148444
-0.01456028
-0.01425864
-0.01391635
-0.01354577
-0.01317866
-0.01279904
-0.01237924
-0.01198811
-0.01154703
-0.01110635
-0.01064423
-0.01017349
-0.009697016
-0.009215228
-0.008726144
-0.008211763
-0.007710013
-0.00720735
-0.006710909
-0.006188364
-0.005676143
-0.005161285
-0.004655079
-0.004138275
-0.003636609
-0.003133122
-0.002625999
-0.002116677
-0.001616573
-0.001157302
-0.0006906827
-0.0002235363
0.0002274548
0.0006461248
0.001044486
0.001443331
0.001853938
0.002214298
0.002552135
0.002872396
0.003157102
0.003433194
0.003693478
0.003929684
0.004139607
0.004351826
0.004523865
0.004691026
0.004837886
0.004963724
0.005076537
0.005165582
0.005256588
0.00532349
0.005383424
0.005434422
0.005456657
0.005467936
0.005482518
0.005466634
0.005458171
0.005425454
0.005385515
0.005350989
0.005290457
0.005218661
0.005150479
0.005065236
0.00496731
0.004887026
0.004776238
0.004672198
0.004510888
0.004425926
0.004295954
0.004184476
0.004078752
0.003952455
0.003807111
0.003670414
0.003540486
0.003429893
0.003234691
0.00307689
0.002971966
0.002824941
0.002644986
0.002491528
0.00229679
0.002150294
0.00199191
0.001826715
0.001678239
0.001478777
0.001353006
0.001212751
0.001044855
0.0009121941
0.0007937677
0.0006516914
0.0005464993
0.0004278024
0.0003280872
0.0002362481
0.0001373346
5.014292E-05
-2.620039E-05
-9.708998E-05
-0.000153904
-0.0002204513
-0.0002625535
-0.0002999768
-0.0003296855
-0.0003593727
-0.0003810155
-0.0003950951
-0.0004065586
-0.0004280815
-0.0004380432
-0.0004525035
-0.0004839315
-0.0004711476
-0.0005068442
-0.0005038992
-0.0005224999
-0.0005275095
-0.0005378991
-0.0005341093
-0.0005527735
-0.0005551502
-0.0005637154
-0.0005708614
-0.0005809529
-0.0005785567
-0.0005787181
-0.0005988803
-0.0006187818
-0.0006249168
-0.0006565367
-0.0006845664
-0.0007373691
-0.0007827481
-0.0008045537
-0.0008879355
-0.0009612892
-0.001004183
-0.001049421
-0.001121104
-0.001210152
-0.001275415
-0.001348596
-0.001425284
-0.001513754
-0.001583804
-0.001673062
-0.001767095
-0.00181035
-0.001910854
-0.001944033
-0.002081709
-0.002128518
-0.002186829
-0.002252012
-0.002319359
-0.002441808
-0.002499283
-0.002586569
-0.002638753
-0.002708295
-0.002782084
-0.002857833
-0.002927266
-0.002977872
-0.00303192
-0.003093832
-0.003145135
-0.003195336
-0.003246334
-0.003302062
-0.003358784
-0.00340495
-0.003446616
-0.003489592
-0.003535839
-0.003562664
-0.003605666
-0.003637584
-0.003669851
-0.003689702
-0.003678496
-0.003701203
-0.003698847
-0.003710921
-0.003692034
-0.003668765
-0.003659589
-0.00362317
-0.003566669
-0.003516596
-0.003479414
-0.003392996
-0.003358182
-0.003266324
-0.003195904
-0.00310393
-0.003009704
-0.002931876
-0.002818459
-0.002727918
-0.002619644
-0.002512068
-0.002393753
-0.002278493
-0.002151944
-0.002024702
-0.001894923
-0.001777034
-0.001635919
-0.001490585
-0.001341782
-0.001237925
-0.001054591
-0.0009296272
-0.0007941708
-0.0006375771
-0.0005567396
-0.0003656447
-0.0002754699
-9.288558E-05
-1.469782E-05
0.0001031065
0.000245449
0.000390586
0.0004404654
0.0005834986
0.0006679125
0.0007579133
0.0008376244
0.0009186495
0.0009845919
0.001060965
0.001112467
0.001180811
0.001223186
0.001300697
0.001332726
0.001367024
0.001417648
0.00142666
0.001442706
0.001469996
0.001479725
0.001470331
0.001473199
0.00145539
0.001427757
0.001423261
0.001360703
0.001341647
0.00129564
0.001287075
0.001233359
0.001163123
0.001112645
0.001057486
0.0009873366
0.0009071168
0.0008429902
0.0007578389
0.000665317
0.0005879164
0.0004910217
0.0003827077
0.0002936722
0.0002063133
0.0001102983
3.707886E-06
-9.839244E-05
-0.0001891483
-0.0002924726
-0.0004097873
-0.0005371438
-0.0006346401
-0.0007460008
-0.0008628754
-0.001023012
-0.001110966
-0.00123908
-0.001332157
-0.001433555
-0.001548697
-0.001642826
-0.0017289
-0.001812681
-0.001950618
-0.00202059
-0.002062334
-0.002133974
-0.002185283
-0.002270466
-0.002328242
-0.002377226
-0.002427066
-0.002451032
-0.002541797
-0.002552423
-0.002566977
-0.002634842
-0.002630866
-0.002690872
-0.002691455
-0.00273186
-0.002699972
-0.002752543
-0.002731361
-0.002758672
-0.002734839
-0.002720315
-0.002735776
-0.002706872
-0.002664262
-0.002659142
-0.002636238
-0.002560439
-0.002524663
-0.002525918
-0.002477679
-0.002406394
-0.002352337
-0.002344653
-0.002272666
-0.002251718
-0.002196324
-0.002141945
-0.002092695
-0.00204283
-0.001968371
-0.001924452
-0.001877346
-0.001813354
-0.001771164
-0.001714147
-0.001666817
-0.001574892
-0.001541827
-0.00149728
-0.001448904
-0.001355887
-0.001332439
-0.001256021
-0.001207227
-0.001173445
-0.001106176
-0.001061391
-0.0009743427
-0.0009623351
-0.000904555
-0.000833385
-0.0007832033
-0.0007536109
-0.0007070529
-0.0006814264
-0.000624624
-0.0006304455
-0.0006442072
-0.0005529706
-0.0005212187
-0.0005554372
-0.0005677288
-0.000481258
-0.0004726202
-0.0004487212
-0.0004873964
-0.0004325254
-0.0004332832
-0.000471097
-0.0003981677
-0.0003823887
-0.0003697963
-0.0004135356
-0.0003652326
-0.0003409115
-0.0003711923
-0.0003566857
-0.0003502338
-0.0004055366
-0.0003863295
-0.0003856562
-0.0003863715
-0.0004500326
-0.0004412925
-0.0004804868
-0.0005172144
-0.0004513857
-0.0005013066
-0.0005239521
-0.0005047366
-0.0005027228
-0.0005587012
-0.0005295567
-0.000587874
-0.0006160784
-0.0006202696
-0.0006177766
-0.0005883366
-0.0006286685
-0.0006788453
-0.0007120946
-0.000725306
-0.0006960415
-0.0007000242
-0.0007398583
-0.0007891823
