-4.964708E-06
8.066871E-06
-3.399587E-06
7.569296E-06
-4.332067E-06
5.11898E-06
-5.289461E-06
-6.348329E-07
-1.188997E-05
-2.183093E-06
-1.569409E-05
-1.0622E-05
-1.772656E-05
-2.09184E-05
-1.959016E-05
-2.98974E-05
-3.107131E-05
-2.341095E-05
-3.437868E-05
-2.463727E-05
-3.455097E-05
-2.610776E-05
-2.331073E-05
-2.061855E-05
-1.610701E-05
-2.312627E-05
-7.844847E-06
1.445122E-06
-3.165971E-06
9.374245E-06
1.44244E-05
1.938523E-05
3.579642E-05
3.054223E-05
3.727636E-05
5.621014E-05
6.018193E-05
5.93255E-05
6.808453E-05
7.778183E-05
7.662513E-05
8.504511E-05
9.198207E-05
8.950736E-05
9.961655E-05
0.0001060157
0.0001099248
0.000104915
0.0001082103
0.0001074829
0.0001099981
0.0001029888
0.0001026597
9.80024E-05
9.604201E-05
9.293089E-05
8.512798E-05
8.083389E-05
7.370304E-05
6.642417E-05
5.698985E-05
4.970746E-05
3.62268E-05
2.942959E-05
1.539485E-05
8.114442E-06
-5.014774E-06
-1.431781E-05
-3.066284E-05
-4.998364E-05
-6.563914E-05
-8.39257E-05
-0.0001034519
-0.0001284984
-0.0001541113
-0.0001780726
-0.0002064836
-0.0002401018
-0.0002635971
-0.0002958538
-0.0003199948
-0.0003381756
-0.0003627582
-0.0003663124
-0.0003822438
-0.0003783648
-0.0003808513
-0.0003757042
-0.0003668059
-0.0003552832
-0.0003375355
-0.0003204601
-0.0002994528
-0.0002757288
-0.0002546844
-0.0002310958
-0.0002105203
-0.0001835923
-0.0001609587
-0.0001356661
-0.0001118222
-8.265088E-05
-5.321923E-05
-2.3463E-05
7.858048E-06
4.189044E-05
7.848637E-05
0.0001169235
0.000160741
0.0002060605
0.0002543278
0.0003070667
0.0003633596
0.0004225274
0.0004777458
0.0005465052
0.0006106955
0.0006672471
0.0007248749
0.0007810344
0.0008313562
0.0008706622
0.000906531
0.0009319169
0.0009471916
0.0009545411
0.0009518893
0.0009413597
0.0009239466
0.0008989726
0.0008666172
0.0008287553
0.0007849883
0.0007362149
0.0006817351
0.0006240301
0.0005608867
0.0004948513
0.0004242357
0.0003532783
0.0002745746
0.0001873501
0.0001036429
1.949455E-05
-7.314142E-05
-0.0001666445
-0.0002622223
-0.0003593001
-0.0004557461
-0.0005503831
-0.000644454
-0.0007347864
-0.0008219525
-0.0009037487
-0.0009785884
-0.001048385
-0.001109106
-0.00116442
-0.001213432
-0.00125447
-0.001297676
-0.001329096
-0.001357748
-0.001394974
-0.001421484
-0.001451295
-0.001481553
-0.001508629
-0.001538211
-0.001569813
-0.001603299
-0.001629052
-0.001656545
-0.001676563
-0.001691391
-0.001694232
-0.001684419
-0.001671185
-0.001639019
-0.001590057
-0.001529819
-0.001451999
-0.001357323
-0.001251383
-0.001132823
-0.001004841
-0.0008677699
-0.0007202707
-0.0005736508
-0.0004280813
-0.0002807144
-0.0001337615
1.285462E-05
0.0001504493
0.0002801335
0.0004101899
0.0005242546
0.0006286003
0.0007225855
0.0008040584
0.0008754054
0.0009370541
0.0009870229
0.001029462
0.001064385
0.001093152
0.001113506
0.001128681
0.001141044
0.001149502
0.00115627
0.00116156
0.001168413
0.001173877
0.001182361
0.001192605
0.001204209
0.001217424
0.001231382
0.001242486
0.001256596
0.001265581
0.001275506
0.001277794
0.00127252
0.00126288
0.001245257
0.001219435
0.001185462
0.001139334
0.001086628
0.001027521
0.0009611654
0.000892208
0.0008178203
0.0007408474
0.0006618365
0.0005793687
0.0004961006
0.0004105025
0.000325459
0.0002317623
0.0001422607
4.607155E-05
-5.008846E-05
-0.0001508797
-0.0002563634
-0.0003689482
-0.0004866756
-0.0006125848
-0.0007459374
-0.0008835259
-0.0010231
-0.001165516
-0.00129998
-0.001428188
-0.00154273
-0.001640912
-0.001717612
-0.001775587
-0.001810604
-0.001824698
-0.001821118
-0.001802399
-0.001770849
-0.001729956
-0.001688421
-0.001643607
-0.001603527
-0.001573406
-0.001552952
-0.001546355
-0.001554872
-0.001578662
-0.001616016
-0.001661182
-0.00171471
-0.001771043
-0.001828185
-0.001874521
-0.001915453
-0.001944818
-0.001951363
-0.001939142
-0.001896122
-0.001825523
-0.00172625
-0.001597897
-0.001435156
-0.001256471
-0.00104022
-0.0008058127
-0.0005592843
-0.0002979869
-2.943406E-05
0.0002410085
0.0005037615
0.0007583591
0.0009980338
0.001220291
0.001413718
0.001582312
0.001716942
0.001814126
0.001875532
0.00190042
0.001889569
0.001839105
0.001761344
0.001661599
0.001539791
0.001403307
0.001261868
0.001120336
0.0009784137
0.0008441795
0.0007213843
0.0006047439
0.0005027673
0.0004110408
0.0003284979
0.0002531057
0.0001878701
0.0001109997
3.417451E-05
-5.033093E-05
-0.0001436883
-0.0002457712
-0.000356884
-0.0004784224
-0.0006070137
-0.0007406978
-0.0008763343
-0.001022324
-0.001165825
-0.00130398
-0.001443773
-0.001579491
-0.001707212
-0.001834298
-0.001948827
-0.002060174
-0.00215899
-0.002262098
-0.00234425
-0.00241904
-0.002483715
-0.002540315
-0.002585336
-0.002616905
-0.002638056
-0.002645754
-0.002636622
-0.00261528
-0.002576035
-0.002523617
-0.002461134
-0.00238148
-0.002288739
-0.00218339
-0.002076935
-0.001955372
-0.001827455
-0.001695528
-0.001560431
-0.001423701
-0.001285973
-0.001146457
-0.001007971
-0.000878395
-0.000749353
-0.0006265069
-0.0005068342
-0.0003935967
-0.0002847968
-0.000183109
-8.687421E-05
6.049753E-06
9.601439E-05
0.0001814625
0.0002651916
0.0003491345
0.0004326622
0.0005130412
0.0006025329
0.0006925059
0.0007829383
0.000882252
0.0009799029
0.001081006
0.001183407
0.001285682
0.00137973
0.001462703
0.001536628
0.001597498
0.001638646
0.001662323
0.001668354
0.001653506
0.001617156
0.00156466
0.001493807
0.001404212
0.001304402
0.001191162
0.001069083
0.0009416945
0.0008099069
0.0006787096
0.0005462574
0.0004229707
0.0003067389
0.0001972545
0.0001027454
2.0471E-05
-5.603271E-05
-0.000116445
-0.0001652682
-0.0002033785
-0.0002295349
-0.0002496869
-0.0002633674
-0.0002725393
-0.0002786725
-0.0002833992
-0.0002873094
-0.0002950125
-0.0002952468
-0.0002988545
-0.0003054664
-0.0003138658
-0.0003265358
-0.0003368007
-0.0003541243
-0.0003743158
-0.0003993901
-0.0004312171
-0.0004710937
-0.000519124
-0.0005767968
-0.0006437442
-0.0007225793
-0.0008104057
-0.0009107028
-0.001023908
-0.001146935
-0.001283378
-0.001425942
-0.001591761
-0.001766487
-0.001952681
-0.002149967
-0.002357833
-0.002570895
-0.00278903
-0.003002358
-0.003217199
-0.003422837
-0.003615866
-0.003802195
-0.003969788
-0.004119968
-0.004255773
-0.004370128
-0.00446919
-0.004556704
-0.004627768
-0.004686905
-0.004732288
-0.004771683
-0.004802292
-0.004827344
-0.004847084
-0.004861862
-0.00487518
-0.004885274
-0.004894131
-0.004901597
-0.004904259
-0.004906574
-0.00490527
-0.004899133
-0.00488596
-0.004866194
-0.004836373
-0.004794303
-0.004738348
-0.004664917
-0.004573588
-0.00446143
-0.004327805
-0.004176397
-0.003995677
-0.003795603
-0.00357057
-0.003324908
-0.003056857
-0.002772048
-0.002466808
-0.002149846
-0.001824296
-0.001491114
-0.001154968
-0.0008161635
-0.0004838944
-0.0001557582
0.000174856
0.000493967
0.0008026827
0.001098164
0.001391042
0.001668809
0.001934123
0.002187032
0.002426885
0.002653649
0.002867698
0.003070538
0.003255635
0.003427952
0.003584336
0.003724953
0.003851394
0.003962426
0.004052241
0.004127727
0.004182117
0.004218083
0.004233523
0.004229068
0.00420469
0.004160314
0.004099924
0.00401768
0.00392254
0.003808193
0.003680709
0.003537252
0.003383398
0.003211463
0.003031988
0.002834645
0.002627206
0.002408367
0.002176422
0.001932829
0.0016774
0.001409607
0.001130227
0.0008371972
0.0005329227
0.0002190428
-0.0001059062
-0.0004419701
-0.0007861261
-0.001139253
-0.001500962
-0.001872637
-0.002250398
-0.002636627
-0.003028389
-0.003425115
-0.003828243
-0.004232392
-0.004640784
-0.005045581
-0.005446567
-0.005838967
-0.006214165
-0.006583322
-0.006925745
-0.007244959
-0.007537271
-0.007800532
-0.008029309
-0.008224427
-0.008384946
-0.00850932
-0.008598867
-0.008649995
-0.008669213
-0.008653237
-0.008604247
-0.008521295
-0.008408833
-0.0082632
-0.008084271
-0.007875005
-0.007637254
-0.007369582
-0.007066417
-0.006745678
-0.006400743
-0.006035015
-0.005649421
-0.005253186
-0.004846646
-0.004428449
-0.004011051
-0.003590657
-0.003171542
-0.00275837
-0.002348937
-0.001948128
-0.001558171
-0.001178397
-0.0008081437
-0.0004529489
-0.0001003792
0.0002378421
0.0005690786
0.0008945292
0.001209685
0.001520342
0.001823505
0.002120748
0.002412781
0.002699919
0.002980168
0.003256469
0.003524343
0.003788726
0.004045879
0.004296209
0.00453276
0.004769574
0.004992709
0.005200602
0.005391393
0.005563158
0.005712794
0.005833718
0.005923616
0.00598
0.005997766
0.005975071
0.005906262
0.005794234
0.005638644
0.005438012
0.005195408
0.004910054
0.004587411
0.004230551
0.003842219
0.00342896
0.002993648
0.002539044
0.002072459
0.001593399
0.001105585
0.0006117878
0.0001165353
-0.000378504
-0.0008718569
-0.001359634
-0.001836351
-0.00230487
-0.002758435
-0.003204826
-0.003630623
-0.004040181
-0.004433725
-0.004807306
-0.005167399
-0.00550943
-0.005837608
-0.006151398
-0.006451676
-0.006737825
-0.007008841
-0.0072756
-0.007533284
-0.007780246
-0.008015242
-0.008237474
-0.008456267
-0.008660124
-0.00884836
-0.009027588
-0.009187363
-0.009330631
-0.009453702
-0.009555888
-0.009636484
-0.00969025
-0.00972147
-0.009724366
-0.009698289
-0.00964433
-0.009563779
-0.0094562
-0.009320495
-0.009159725
-0.008972358
-0.008763327
-0.008525849
-0.00826499
-0.007973407
-0.007663517
-0.00732886
-0.006973846
-0.006596752
-0.006198759
-0.005781171
-0.005347064
-0.004892888
-0.004426006
-0.00394758
-0.003460042
-0.002962218
-0.002458062
-0.001949922
-0.00143586
-0.0009244989
-0.0004184098
8.503428E-05
0.0005808074
0.00106709
0.001537599
0.001994614
0.00243188
0.002848816
0.003242906
0.003610107
0.003951113
0.004264978
0.004546982
0.004800701
0.005026197
0.005218337
0.005387604
0.005527488
0.005643031
0.005743587
0.005822027
0.005880593
0.005926695
0.005957865
0.005973765
0.005977213
0.005965866
0.005943318
0.005904738
0.005852025
0.005781377
0.005693195
0.005585048
0.005454418
0.005293175
0.005106276
0.004890837
0.004646167
0.004370027
0.004062682
0.003725464
0.003361264
0.002973579
0.002564074
0.002134507
0.001689266
0.001231512
0.0007623085
0.0002878091
-0.0001970546
-0.0006846787
-0.001175113
-0.001660993
-0.002146172
-0.002624898
-0.003092963
-0.00354808
-0.003989875
-0.004410471
-0.004810966
-0.005187451
-0.005537205
-0.005858949
-0.006150207
-0.006411621
-0.00664865
-0.006849673
-0.007022715
-0.007166025
-0.007281897
-0.007377734
-0.007444669
-0.007490692
-0.007519032
-0.007531578
-0.007520468
-0.007496021
-0.007459498
-0.00740952
-0.007347817
-0.007271871
-0.00718759
-0.007092596
-0.006986673
-0.006868162
-0.006738573
-0.006600155
-0.006450119
-0.006289057
-0.006119282
-0.005936578
-0.005742873
-0.005538877
-0.005318208
-0.005084509
-0.004836469
-0.004578215
-0.004302145
-0.004013431
-0.003710225
-0.003395565
-0.003068657
-0.002728893
-0.002380274
-0.002022055
-0.001657928
-0.00128981
-0.0009166385
-0.0005414948
-0.0001679312
0.0002005829
0.0005658807
0.0009257158
0.001275245
0.001618798
0.001950369
0.002267361
0.002570029
0.002857683
0.003125832
0.003376676
0.003601023
0.003802452
0.003975933
0.004117817
0.004232531
0.004315257
0.004363115
0.004379392
0.004364002
0.004314611
0.004234303
0.004124559
0.003990948
0.003830583
0.003648407
0.003447837
0.003230606
0.002998414
0.002755757
0.002504167
0.002246382
0.001985171
0.001720452
0.001454704
0.001188567
0.0009208075
0.0006525398
0.0003843723
0.0001153268
-0.0001547495
-0.0004293738
-0.0007055308
-0.0009861926
-0.001275604
-0.001568479
-0.001868793
-0.002174465
-0.00248649
-0.002802864
-0.003123143
-0.003448159
-0.00377594
-0.004105348
-0.004432837
-0.004757847
-0.005078244
-0.005394198
-0.005700405
-0.005996371
-0.006280919
-0.006552123
-0.006808083
-0.007046596
-0.007267325
-0.007467072
-0.007652874
-0.007815085
-0.00795943
-0.008085258
-0.00819264
-0.008278245
-0.008347349
-0.008397284
-0.008428051
-0.008440933
-0.00843277
-0.008403527
-0.008351524
-0.008277381
-0.008185079
-0.00807045
-0.007933017
-0.007772858
-0.007595271
-0.007398074
-0.007186151
-0.006961662
-0.006719558
-0.00646693
-0.006206182
-0.005931736
-0.005647169
-0.00535632
-0.005057596
-0.004751689
-0.004436543
-0.004116392
-0.003791303
-0.003466242
-0.00313337
-0.002798319
-0.002466494
-0.002130708
-0.001797923
-0.001469429
-0.001140119
-0.0008148612
-0.000497489
-0.0001868291
0.0001183905
0.0004140052
0.000700662
0.0009754252
0.001236628
0.001486395
0.001720642
0.001943089
0.00214868
0.002340311
0.002516221
0.002676807
0.002820949
0.002959678
0.00308015
0.003189371
0.003289767
0.003379247
0.003462314
0.003535673
0.003599032
0.003654792
0.003703092
0.003741572
0.003768296
0.003787414
0.003794043
0.00378346
0.003758355
0.003714444
0.003648628
0.003571647
0.003469373
0.003344298
0.003194602
0.003025807
0.002834735
0.002624563
0.002394564
0.002153823
0.00189766
0.001630551
0.001349566
0.001065538
0.0007770878
0.0004854506
0.0001937252
-9.825694E-05
-0.0003899248
-0.0006800916
-0.0009678234
-0.001254915
-0.001539278
-0.001818355
-0.00209445
-0.002365849
-0.002631721
-0.002890249
-0.003140523
-0.003382483
-0.003610375
-0.003828538
-0.004032487
-0.004221641
-0.004395226
-0.004555583
-0.004699748
-0.004828393
-0.004943412
-0.005050316
-0.005146461
-0.005234953
-0.005309938
-0.005382263
-0.005447045
-0.005505928
-0.005559239
-0.005607151
-0.005646214
-0.005679188
-0.005694892
-0.005711548
-0.005713996
-0.005706022
-0.005687083
-0.00565375
-0.005613496
-0.005555797
-0.005491842
-0.005412722
-0.005321926
-0.005217026
-0.005100959
-0.004970959
-0.004826493
-0.004670796
-0.004499119
-0.004314937
-0.004115071
-0.003902618
-0.003675028
-0.003439529
-0.00319077
-0.002931184
-0.002663045
-0.002385673
-0.002101316
-0.001810147
-0.00151679
-0.001219476
-0.0009214205
-0.0006254236
-0.0003327613
-4.678065E-05
0.0002321703
0.0004988555
0.0007539688
0.0009958504
0.001223645
0.001433934
0.001628026
0.001805387
0.00196829
0.002112626
0.002242578
0.002358403
0.002460202
0.002550538
0.002628927
0.00269586
0.002753254
0.002799993
0.002836308
0.002865427
0.002878644
0.002885561
0.00287954
0.002863779
0.002834548
0.002794311
0.002738167
0.002664329
0.002575207
0.002469322
0.002342978
0.002198618
0.002032684
0.001843871
0.001634811
0.001405183
0.001153873
0.0008824567
0.0005908549
0.0002814888
-4.364476E-05
-0.0003826979
-0.0007304993
-0.001085942
-0.001449147
-0.001808949
-0.002171832
-0.00253048
-0.002886868
-0.003235158
-0.003579272
-0.003913769
-0.004242591
-0.004559931
-0.00487049
-0.00517502
-0.005467419
-0.0057517
-0.006027809
-0.006293711
-0.006546512
-0.006788919
-0.007021739
-0.007239281
-0.007446445
-0.007637024
-0.007812868
-0.007971737
-0.008114873
-0.008241972
-0.008347687
-0.008437868
-0.00850341
-0.008549869
-0.00857527
-0.008578748
-0.008561846
-0.008523489
-0.008463845
-0.008385162
-0.008286224
-0.008166362
-0.008033052
-0.007879814
-0.007709496
-0.007525689
-0.007326518
-0.007114208
-0.006883981
-0.006645971
-0.00639156
-0.006121828
-0.005841817
-0.005545168
-0.005236133
-0.00491516
-0.004580634
-0.004235414
-0.003877786
-0.003510576
-0.003135495
-0.002752454
-0.002364193
-0.001972951
-0.001581593
-0.001191921
-0.0008068337
-0.0004273112
-5.565665E-05
0.0003026229
0.0006480875
0.0009798304
0.001296784
0.001591777
0.00187167
0.002136232
0.002377181
0.002603929
0.002812241
0.003009313
0.003192294
0.003364681
0.003528526
0.003679667
0.00382448
0.003959305
0.004087219
0.004207722
0.004318558
0.004424918
0.004521945
0.004608517
0.004687738
0.004757886
0.004816509
0.00486483
0.004898371
0.004918494
0.004923526
0.004909605
0.004878518
0.004827158
0.004756793
0.004661905
0.00454574
0.004405022
0.004239707
0.004047458
0.003827937
0.00358471
0.00331406
0.003019312
0.002698786
0.002353316
0.00198922
0.00160252
0.001198159
0.0007779432
0.000342922
-0.0001052503
-0.0005620632
-0.001026095
-0.001493288
-0.00196232
-0.002431026
-0.002893862
-0.003354067
-0.003804093
-0.00424352
-0.004671097
-0.005084483
-0.005482035
-0.005861398
-0.00622643
-0.006573102
-0.006901389
-0.007210909
-0.007507469
-0.007784552
-0.00804903
-0.008306399
-0.008545362
-0.008775971
-0.008998636
-0.009211729
-0.00941487
-0.009610324
-0.009798522
-0.009984846
-0.01015604
-0.01032088
-0.01047613
-0.0106206
-0.01075315
-0.01087513
-0.01098551
-0.0110817
-0.01116081
-0.01122065
-0.01126648
-0.01129486
-0.01130727
-0.01130049
-0.01127367
-0.01122737
-0.01116486
-0.01108011
-0.01098028
-0.01086054
-0.01072258
-0.01056811
-0.01039518
-0.01020424
-0.009993452
-0.00976464
-0.009519257
-0.00925346
-0.008972848
-0.008673947
-0.008350031
-0.008011298
-0.007656323
-0.007283889
-0.006893762
-0.006491167
-0.006069313
-0.005633335
-0.00518618
-0.004725702
-0.004252253
-0.003768983
-0.003271191
-0.002766655
-0.002252055
-0.0017322
-0.00120579
-0.0006774476
-0.000148886
0.0003791028
0.0008999374
0.001417432
0.001924577
0.002421433
0.002903296
0.003371729
0.003825602
0.004255835
0.004668311
0.005055418
0.005426911
0.005769407
0.00608345
0.006374463
0.006636083
0.006866761
0.007071476
0.00725384
0.007412269
0.007546484
0.007656281
0.007748237
0.00782423
0.007881094
0.007922444
0.00794832
0.007959154
0.007957567
0.007942163
0.007912235
0.007870286
0.007813418
0.007743462
0.00765961
0.007561739
0.007449059
0.007324297
0.007184396
0.007032648
0.006863653
0.006680201
0.006484699
0.006270661
0.006042681
0.005797771
0.005540095
0.005265329
0.004975927
0.004665051
0.004343494
0.004004904
0.003652029
0.003282857
0.002899643
0.002503868
0.002092438
0.001666375
0.001227499
0.0007774265
0.0003165996
-0.0001602473
-0.0006478222
-0.001142579
-0.001647061
-0.0021593
-0.002679274
-0.003204268
-0.00373054
-0.004261688
-0.004789755
-0.005317916
-0.005843956
-0.006360994
-0.006871875
-0.007370751
-0.007856546
-0.008325112
-0.008774342
-0.009201641
-0.009604815
-0.009981103
-0.01032879
-0.01064906
-0.01094132
-0.01120584
-0.01144333
-0.01165357
-0.01183685
-0.0119966
-0.01213032
-0.01224486
-0.01233742
-0.01241328
-0.01246883
-0.01251063
-0.01253454
-0.01254239
-0.01253386
-0.01251302
-0.01247784
-0.01242776
-0.01236364
-0.01228599
-0.01219397
-0.01208664
-0.01196621
-0.01183234
-0.01167943
-0.01151322
-0.01132822
-0.01113086
-0.0109195
-0.01069199
-0.01044942
-0.01019227
-0.009922088
-0.009638036
-0.00934092
-0.009031191
-0.008710487
-0.008377317
-0.008033805
-0.007681135
-0.007320086
-0.006949705
-0.006569658
-0.006185685
-0.005791275
-0.005393787
-0.004989266
-0.004578702
-0.004163406
-0.003744019
-0.00331827
-0.002887654
-0.002453722
-0.002013727
-0.001570253
-0.001122923
-0.000673387
-0.0002199153
0.0002369371
0.0006909949
0.001146592
0.001600327
0.002050255
0.00249478
0.002932857
0.00336115
0.003778818
0.004182003
0.00456838
0.004937516
0.005284729
0.005605926
0.005900747
0.006167473
0.006400007
0.006600983
0.006764024
0.006897389
0.00699127
0.007051659
0.007078032
0.007075704
0.007042
0.006983828
0.006902406
0.006800376
0.006683343
0.006542902
0.006382879
0.006213229
0.006026894
0.005827914
0.005617025
0.005395098
0.005161271
0.004918991
0.004665947
0.004405339
0.00413945
0.003865357
0.003588636
0.003304178
0.003015795
0.002720832
0.002422166
0.002118672
0.001810082
0.001495334
0.001174224
0.0008467107
0.0005170432
0.0001875841
-0.0001517788
-0.000491002
-0.000831528
-0.00117478
-0.001518186
-0.001860628
-0.002204641
-0.002546242
-0.00288448
-0.003221829
-0.003557116
-0.00388976
-0.004220773
-0.004545134
-0.00486693
-0.005181945
-0.0054962
-0.005804788
-0.006107917
-0.006405704
-0.006694744
-0.006980141
-0.007259022
-0.007526428
-0.007787455
-0.008035079
-0.008269933
-0.008490478
-0.008695848
-0.008885271
-0.009055016
-0.009206994
-0.009337971
-0.009447932
-0.009535637
-0.009601094
-0.009645971
-0.009667274
-0.009669645
-0.009653999
-0.009617549
-0.00957159
-0.0095059
-0.009429938
-0.009346433
-0.009255728
-0.009156427
-0.009047597
-0.008937406
-0.00882241
-0.008703469
-0.008580909
-0.008456735
-0.008330205
-0.00819936
-0.008068053
-0.007934109
-0.007797312
-0.007658227
-0.007514533
-0.007367712
-0.007215237
-0.007058321
-0.006894423
-0.006727295
-0.006560243
-0.006380349
-0.006192275
-0.006001843
-0.005801938
-0.005596314
-0.005383939
-0.00516481
-0.004942749
-0.004708844
-0.004472325
-0.004231242
-0.003980102
-0.003726678
-0.003468477
-0.003207205
-0.002940674
-0.002672428
-0.002398848
-0.002123962
-0.001847897
-0.001570741
-0.001292803
-0.00101554
-0.0007380504
-0.0004615106
-0.0001850396
8.487429E-05
0.0003559097
0.0006209673
0.0008816237
0.00113498
0.001381072
0.001620156
0.001852258
0.002071854
0.002277902
0.002474644
0.00265833
0.002828292
0.002985192
0.003124147
0.003248877
0.00335981
0.003453441
0.003532414
0.003596489
0.003636105
0.003661057
0.003685093
0.003687535
0.003664037
0.003649675
0.003612959
0.00355608
0.003501281
0.003431972
0.00335537
0.003268847
0.003173264
0.003068177
0.002955898
0.002836928
0.0027075
0.002571922
0.002429577
0.002277745
0.00211813
0.001953159
0.001785214
0.001609759
0.001426819
0.001239384
0.001047667
0.0008490264
0.0006485149
0.0004411666
0.0002302261
1.060331E-05
-0.0002041821
-0.0004305144
-0.0006594748
-0.0008875341
-0.001120584
-0.00135545
-0.001594816
-0.001835648
-0.002076118
-0.002316341
-0.002555608
-0.002793665
-0.003029729
-0.003261574
-0.003493122
-0.003718041
-0.003941856
-0.004156701
-0.004370314
-0.004576466
-0.004777859
-0.004972685
-0.005161504
-0.005342812
-0.005517692
-0.005684393
-0.005845403
-0.005995692
-0.006137272
-0.006271532
-0.00639615
-0.006504611
-0.006606588
-0.006699817
-0.006782239
-0.006854075
-0.006907189
-0.00694979
-0.006983187
-0.00700596
-0.007006017
-0.006997463
-0.006976212
-0.006941556
-0.006900182
-0.006844344
-0.006779713
-0.006703789
-0.006622766
-0.006533514
-0.006438006
-0.00633717
-0.00623162
-0.006119925
-0.006004474
-0.0058854
-0.005762159
-0.005635074
-0.005506238
-0.005376617
-0.00523913
-0.005099578
-0.004960438
-0.004817228
-0.004672321
-0.00452438
-0.004375296
-0.004222498
-0.004068551
-0.003911462
-0.00375524
-0.003596303
-0.003436072
-0.003273062
-0.003110696
-0.002949096
-0.002786345
-0.002622173
-0.002460814
-0.002299103
-0.002136725
-0.001981778
-0.001823273
-0.001668479
-0.001515182
-0.00136573
-0.001217798
-0.001071885
-0.000928538
-0.0007967856
-0.0006536024
-0.0005268117
-0.000392373
-0.0002750317
-0.0001452294
-3.838664E-05
7.664723E-05
0.0001757209
0.0002743764
0.0003729485
0.0004569493
0.0005267778
0.0005917929
0.0006525671
0.0006985841
0.0007446852
0.0007794027
0.0007932884
0.0008070339
0.0008119259
0.0008065373
0.0007918191
0.0007663888
0.000734153
0.0006962906
0.0006491804
0.0005959379
0.000538647
0.0004740763
0.0004048344
0.0003333132
0.0002537578
0.0001754635
9.181584E-05
6.441541E-06
-7.834164E-05
-0.0001644446
-0.0002597678
-0.0003511815
-0.0004439042
-0.0005293358
-0.0006200972
-0.0007164402
-0.0008170567
-0.0009103396
-0.001000077
-0.001101161
-0.001197091
-0.00129005
-0.001377099
-0.001469536
-0.001566585
-0.001651914
-0.001745986
-0.001830247
-0.001922947
-0.002005618
-0.002097361
-0.002181942
-0.002261101
-0.002338381
-0.002422138
-0.002505767
-0.002579812
-0.002654998
-0.002733134
-0.002814752
-0.002886423
-0.002953854
-0.003024332
-0.003097947
-0.003168607
-0.003227965
-0.003292947
-0.003360611
-0.003420755
-0.003476225
-0.003530879
-0.003579598
-0.00362568
-0.003674098
-0.003721152
-0.003758958
-0.003791768
-0.003821042
-0.003855116
-0.003874251
-0.003900244
-0.003918915
-0.003929045
-0.003928457
-0.003935539
-0.003936497
-0.003935453
-0.003922653
-0.003908496
-0.003902609
-0.003878592
-0.003856724
-0.003842532
-0.003817551
-0.003786532
-0.00375783
-0.003727158
-0.003697006
-0.003662283
-0.003633755
-0.003598778
-0.003557865
-0.003517102
-0.003484169
-0.003439684
-0.003402205
-0.003362264
-0.003316513
-0.003275493
-0.003229734
-0.00317846
-0.003129085
-0.003087458
-0.003037398
-0.002986359
-0.002929888
-0.002885931
-0.002834684
-0.002781613
-0.002724011
-0.002668574
-0.002622911
-0.002565025
-0.002506786
-0.002455998
-0.002393776
-0.002339736
-0.002288086
-0.002231202
-0.00216522
-0.002108122
-0.00205435
-0.001985833
-0.00193442
-0.001873544
-0.001809012
-0.001759167
-0.001699721
-0.001644883
-0.001582792
-0.00153931
-0.001477737
-0.001433357
-0.001380004
-0.001332355
-0.00129775
-0.0012563
-0.001204824
-0.001177695
-0.001148594
-0.001105328
-0.001090718
-0.001069192
-0.001038309
-0.001021199
-0.00102066
-0.001006516
-0.001003437
-0.001015319
-0.001006739
-0.001016205
-0.001040481
-0.00105328
-0.001062863
-0.001080359
-0.001114971
-0.00112982
-0.001166117
-0.001195264
-0.001221117
-0.00125534
-0.001298263
-0.001333954
-0.001363878
-0.001411173
-0.001452774
-0.001488202
-0.001525764
-0.001568972
-0.001615936
-0.001665957
-0.001702673
-0.001759085
-0.001807061
-0.001847559
-0.001905106
-0.001945483
-0.002003703
-0.002046308
-0.002105267
-0.002153042
-0.002198187
-0.002258747
-0.002304083
-0.002347419
-0.002407398
-0.002443779
-0.002498804
-0.002547026
-0.002601846
-0.002635824
-0.002686361
-0.002735548
-0.002770472
-0.002823298
-0.002850485
-0.002901901
-0.002935832
-0.002964564
-0.002991344
-0.003028853
-0.003052391
-0.00306958
-0.003097268
-0.003113345
-0.003123693
-0.003147886
-0.00315708
-0.003157467
-0.003155576
-0.003165151
-0.003149555
-0.003148242
-0.003145822
-0.003121461
-0.003120044
-0.003097614
-0.003072505
-0.003059488
-0.003027837
-0.003005781
-0.002988184
-0.002961323
-0.002923885
-0.002899462
-0.002871447
-0.002830507
-0.002797982
-0.002766767
-0.002738619
-0.002696171
-0.002668903
-0.002632161
-0.002594971
-0.002555284
-0.00252519
-0.002487456
-0.002445731
-0.002418949
-0.00237982
-0.002343055
-0.002311181
-0.002273583
-0.002243614
-0.002204881
-0.002171865
-0.002144948
-0.002105545
-0.002081073
-0.002048434
-0.002011652
-0.001989711
-0.001958626
-0.001925488
-0.001904025
-0.0018777
-0.00184627
-0.001829013
-0.001797069
-0.001775132
-0.001762811
-0.001744355
-0.001717094
-0.001706278
-0.001697079
-0.00167741
