3.540243E-06
-3.936728E-06
7.928651E-06
-1.728007E-06
3.204153E-06
-3.27194E-06
4.344696E-06
-3.519553E-06
7.500393E-06
1.150141E-06
6.862934E-06
2.712214E-06
1.352862E-05
8.263562E-06
2.0935E-05
1.304015E-05
3.019035E-05
2.561929E-05
4.245313E-05
3.743923E-05
5.576553E-05
5.742554E-05
6.453631E-05
8.473272E-05
0.0001033712
0.000110958
0.0001251964
0.0001476573
0.0001730193
0.0001773592
0.0002052097
0.0002337469
0.0002520013
0.000266472
0.000291365
0.00032286
0.0003444797
0.0003600891
0.0003971664
0.0004233648
0.0004403727
0.0004701817
0.0005040313
0.0005246647
0.000550688
0.0005865197
0.0006066341
0.0006349047
0.000672958
0.0006924503
0.0007168183
0.0007518959
0.0007773286
0.0007943842
0.0008281576
0.0008431596
0.0008641462
0.0008895007
0.0009095329
0.000928384
0.0009448684
0.0009625751
0.0009781555
0.0009904675
0.0009977455
0.001004122
0.001012462
0.001016444
0.001019432
0.001019695
0.001017854
0.001015432
0.001010024
0.0009976845
0.0009816446
0.0009673712
0.0009466167
0.0009185552
0.0008909728
0.0008590011
0.0008250872
0.0007844558
0.0007419467
0.0006922833
0.0006488197
0.0005997855
0.0005560735
0.0005083982
0.0004690185
0.0004281348
0.0003796528
0.0003465209
0.0003179815
0.000279913
0.000261483
0.0002367119
0.0002171729
0.0002085066
0.0001964729
0.0001919506
0.000188978
0.0001883188
0.0001981373
0.0002004393
0.0002105696
0.0002211188
0.0002366009
0.0002547703
0.000270517
0.000293089
0.0003068143
0.0003224382
0.0003443266
0.0003638167
0.0003842675
0.0004039575
0.0004266122
0.0004519631
0.0004765697
0.0005043233
0.0005365768
0.0005659524
0.0006013932
0.0006395609
0.0006784081
0.0007218472
0.0007721418
0.0008205125
0.0008699517
0.0009194964
0.000973291
0.001022258
0.001073405
0.0011203
0.001164656
0.001206724
0.001245567
0.001279436
0.00131132
0.001337223
0.001368517
0.001391965
0.001402079
0.001425938
0.001429162
0.001438723
0.001442939
0.001441454
0.001436045
0.001424116
0.001404116
0.001379658
0.001348271
0.001311011
0.001273409
0.001221499
0.001171009
0.001114996
0.001055176
0.0009898971
0.0009271919
0.0008590411
0.0007941255
0.0007273694
0.000661988
0.0005962741
0.0005302083
0.0004664714
0.0004038495
0.0003405506
0.0002797708
0.0002150376
0.000154254
8.827046E-05
1.685642E-05
-5.407002E-05
-0.0001255488
-0.0002037888
-0.0002876354
-0.0003731577
-0.0004578244
-0.0005574204
-0.0006475571
-0.0007483743
-0.0008458869
-0.0009521618
-0.001057685
-0.0011688
-0.001284339
-0.00140093
-0.001521577
-0.001642984
-0.001771367
-0.001887679
-0.002012952
-0.002124456
-0.002242699
-0.002352735
-0.002455072
-0.002549642
-0.002631761
-0.002712581
-0.002778055
-0.002835569
-0.002882381
-0.002921536
-0.002949259
-0.002968791
-0.002982492
-0.002985319
-0.002981756
-0.002959914
-0.002933931
-0.002892572
-0.002836721
-0.002766669
-0.002679287
-0.00257909
-0.002458693
-0.002322408
-0.002167578
-0.001996379
-0.001811245
-0.001606909
-0.001385653
-0.001156085
-0.0009083114
-0.0006561335
-0.0003982813
-0.0001344543
0.0001311864
0.0003986794
0.0006642243
0.0009279414
0.001189524
0.001439698
0.001688482
0.001924009
0.002152316
0.002370927
0.002574111
0.002767419
0.002945024
0.003112599
0.003267588
0.003410013
0.003533705
0.003652625
0.003756654
0.00384795
0.003917602
0.003982243
0.004012749
0.004044114
0.004040089
0.004038817
0.004001952
0.003968386
0.0039226
0.003864755
0.003822595
0.00377104
0.003737867
0.003709393
0.003697157
0.003702358
0.003720349
0.003755316
0.003807371
0.003872422
0.003945374
0.004028182
0.004112079
0.004192793
0.00427043
0.004346803
0.004412466
0.004458837
0.004494349
0.004507802
0.004504527
0.004477434
0.004430014
0.004357114
0.004265917
0.004158891
0.004028595
0.003879465
0.003713282
0.003539406
0.003348807
0.00314873
0.002942105
0.002732646
0.002521889
0.002312828
0.002109754
0.001916002
0.001721783
0.001536285
0.001365154
0.001203418
0.001052697
0.0009165251
0.0007853222
0.0006591611
0.0005369532
0.0004152013
0.00029632
0.000169786
3.739736E-05
-0.0001067186
-0.0002649205
-0.0004403241
-0.000636876
-0.000857171
-0.001094256
-0.001357003
-0.001644267
-0.001943954
-0.002254356
-0.002577735
-0.002898755
-0.003220895
-0.00353624
-0.003843394
-0.004133858
-0.004404089
-0.004663692
-0.004896892
-0.005107963
-0.005291369
-0.005459136
-0.005604879
-0.005716136
-0.005815322
-0.005896313
-0.005955286
-0.005997425
-0.006024726
-0.006039738
-0.006038737
-0.006030112
-0.006013373
-0.005994184
-0.00596766
-0.005931474
-0.005903866
-0.005871832
-0.005843521
-0.005818472
-0.005799742
-0.005778612
-0.0057623
-0.00574916
-0.005735104
-0.005718144
-0.005698069
-0.005670968
-0.005637847
-0.005597331
-0.005546911
-0.00549123
-0.005414374
-0.005330254
-0.005237594
-0.005123869
-0.005006618
-0.004877387
-0.004737824
-0.004585061
-0.004425026
-0.004258367
-0.004083331
-0.00390285
-0.003715766
-0.003524874
-0.003327445
-0.00312891
-0.002926679
-0.002720648
-0.002512755
-0.002299892
-0.002079224
-0.001852978
-0.001615345
-0.001364126
-0.001100341
-0.0008200507
-0.000521015
-0.0002018946
0.0001394644
0.0005016858
0.0008894425
0.001297948
0.001728922
0.002181788
0.00264633
0.003124222
0.00362154
0.004117345
0.004621027
0.005126175
0.00562364
0.00611214
0.006583411
0.007034842
0.007462781
0.007860709
0.008225624
0.0085583
0.008852472
0.009103498
0.009316282
0.009488686
0.009620035
0.009717688
0.009778142
0.009818031
0.00983174
0.009826222
0.009810302
0.009782394
0.00974974
0.009711886
0.009676462
0.009647334
0.009618681
0.009596121
0.009581468
0.009570356
0.009566279
0.00956763
0.009571533
0.00958086
0.009589238
0.009594699
0.009597234
0.009594659
0.009582722
0.009558335
0.009529256
0.009480243
0.00941465
0.009324096
0.009209918
0.009067872
0.008892202
0.008681529
0.008430774
0.00814044
0.007808752
0.007426774
0.007004991
0.00653848
0.00602751
0.005474627
0.004883843
0.004258669
0.003601348
0.002919781
0.002215887
0.001498795
0.0007695091
3.718075E-05
-0.000698005
-0.001426796
-0.002144242
-0.002847283
-0.003530524
-0.004189026
-0.004821836
-0.005426272
-0.005998755
-0.006539769
-0.007039905
-0.007501192
-0.007932005
-0.008324329
-0.008680263
-0.009002918
-0.009300689
-0.009571364
-0.009819113
-0.01005072
-0.01026701
-0.01047171
-0.01066113
-0.01085131
-0.0110262
-0.0111975
-0.01136143
-0.01151943
-0.01166707
-0.01181146
-0.0119428
-0.01206463
-0.01217026
-0.01225729
-0.0123219
-0.01236327
-0.01238378
-0.01237317
-0.0123334
-0.01226177
-0.01215878
-0.01202093
-0.01184969
-0.01164651
-0.01140864
-0.01114385
-0.01085051
-0.0105339
-0.01018908
-0.009827306
-0.009442303
-0.009039911
-0.008622386
-0.008187813
-0.007742356
-0.007281558
-0.006811867
-0.006332704
-0.005845567
-0.005352715
-0.004855046
-0.004352502
-0.003849299
-0.003340268
-0.002831859
-0.002322655
-0.00181402
-0.001304428
-0.0007964741
-0.0002887102
0.0002174802
0.0007216057
0.001221952
0.001724297
0.002223632
0.002722066
0.003222933
0.00372167
0.004219763
0.004719512
0.005217924
0.005714865
0.006214655
0.006713786
0.007210809
0.007698101
0.008184792
0.008664005
0.009126485
0.009574503
0.01000651
0.0104112
0.01079206
0.01114344
0.01145602
0.0117337
0.0119675
0.01215724
0.01230081
0.01238591
0.01243271
0.0124149
0.01234476
0.01222827
0.01205684
0.01184091
0.01157702
0.01127464
0.01093533
0.01056242
0.01016018
0.009735147
0.009294088
0.008839906
0.008370217
0.007893353
0.007414039
0.006933453
0.006458011
0.005985038
0.005517283
0.00506892
0.004627776
0.004205656
0.003802168
0.003419405
0.003057376
0.002714486
0.002401173
0.002112438
0.001846556
0.001609954
0.001398321
0.001212047
0.00104878
0.0009084045
0.0007869218
0.0006856326
0.0005960196
0.0005216202
0.0004595171
0.00039926
0.0003465645
0.0003003473
0.0002434544
0.0001905363
0.0001264684
5.426439E-05
-2.824713E-05
-0.0001225966
-0.0002309675
-0.0003517033
-0.0004844151
-0.0006280207
-0.0007810376
-0.0009421905
-0.001109555
-0.001282956
-0.001460743
-0.001640188
-0.001818273
-0.001997446
-0.002174714
-0.002350472
-0.002521653
-0.002689919
-0.002852059
-0.00300775
-0.003157833
-0.003295345
-0.003422295
-0.003539354
-0.003642862
-0.003732106
-0.003807859
-0.003867558
-0.003911925
-0.00394012
-0.003954045
-0.003952141
-0.003938021
-0.003912027
-0.00387352
-0.003827772
-0.003778056
-0.003719246
-0.003655989
-0.003592208
-0.003524655
-0.003455331
-0.003384249
-0.003316759
-0.003244544
-0.003173508
-0.003097288
-0.003022096
-0.002943864
-0.002865813
-0.002786111
-0.002705863
-0.002625885
-0.002547028
-0.002472512
-0.002401717
-0.002337498
-0.002280806
-0.002232781
-0.002200706
-0.00218164
-0.002182695
-0.00219409
-0.002234352
-0.002296066
-0.002381148
-0.002489382
-0.002621277
-0.002778311
-0.00295882
-0.003157072
-0.003378154
-0.003608751
-0.003855593
-0.004109274
-0.004371773
-0.004638374
-0.004906886
-0.005173963
-0.005438711
-0.005695268
-0.005943165
-0.006179254
-0.006399141
-0.006601525
-0.006786172
-0.00694888
-0.007086083
-0.007202474
-0.007289891
-0.007353349
-0.007389915
-0.007397167
-0.007376115
-0.007328534
-0.007252857
-0.007149248
-0.007021426
-0.006864812
-0.006684633
-0.006478835
-0.006252371
-0.006004937
-0.005735011
-0.005449928
-0.005148685
-0.004836524
-0.004507478
-0.004170438
-0.003833356
-0.003483394
-0.003124533
-0.002767364
-0.002409047
-0.002048864
-0.001691121
-0.001336931
-0.0009842736
-0.0006381033
-0.0002905857
4.894019E-05
0.0003853512
0.0007141291
0.001039663
0.001360135
0.001671167
0.001980255
0.002280029
0.002574425
0.002860092
0.003139796
0.003415615
0.003681799
0.003940439
0.004194105
0.004440513
0.004679174
0.00491188
0.005137468
0.005351253
0.005563266
0.005763658
0.005957541
0.006143583
0.006322427
0.006488323
0.006659229
0.006807441
0.006953263
0.007085095
0.007205461
0.007308561
0.007400895
0.007475419
0.007534143
0.007577446
0.007602193
0.007612175
0.007605292
0.007584575
0.007546751
0.007500236
0.007440687
0.007372705
0.007295305
0.00721333
0.007126007
0.007035057
0.006940664
0.006844235
0.006749234
0.006649781
0.006555521
0.006458774
0.006366232
0.006276526
0.006187241
0.006099639
0.006013723
0.005926027
0.005839762
0.005755602
0.005667906
0.005575269
0.005474892
0.005360999
0.005238738
0.005101474
0.004951636
0.004784841
0.00459992
0.004401167
0.00418758
0.003957219
0.003713286
0.003453864
0.003181407
0.002890053
0.00259123
0.002280997
0.001963535
0.001639996
0.001310829
0.0009779554
0.0006432194
0.0003126921
-1.71538E-05
-0.0003378754
-0.0006482379
-0.0009489377
-0.001242309
-0.001515468
-0.00176758
-0.00199944
-0.002207939
-0.002389344
-0.002544917
-0.002674699
-0.002776099
-0.002850692
-0.002898811
-0.002924399
-0.002928992
-0.002915884
-0.002888913
-0.002847811
-0.002798014
-0.002739686
-0.002677396
-0.002610212
-0.002543025
-0.002474711
-0.002408194
-0.00234306
-0.002284597
-0.002224835
-0.00217773
-0.002132041
-0.002092088
-0.002058743
-0.002037859
-0.002022596
-0.00201937
-0.00202634
-0.002042261
-0.002069922
-0.002107998
-0.002156497
-0.002215807
-0.00228441
-0.002364246
-0.002450647
-0.002545402
-0.002648271
-0.002756526
-0.002872494
-0.002993206
-0.003118414
-0.003247462
-0.00338099
-0.00351647
-0.003653814
-0.003791899
-0.003930586
-0.00406856
-0.004202796
-0.004332425
-0.004455389
-0.004568983
-0.004674476
-0.004768863
-0.004852108
-0.004924192
-0.004987676
-0.005040473
-0.005084195
-0.005121096
-0.005151443
-0.005181054
-0.0052059
-0.005234338
-0.00526402
-0.005298018
-0.005338683
-0.005384112
-0.005438533
-0.005498174
-0.005563474
-0.005640689
-0.005719988
-0.005806889
-0.00589903
-0.005993226
-0.006088575
-0.006187553
-0.006286292
-0.006383604
-0.006478715
-0.006569134
-0.006656996
-0.006737653
-0.006814383
-0.006884698
-0.006946703
-0.007000168
-0.007047682
-0.007080965
-0.007105761
-0.007117143
-0.007118655
-0.007104933
-0.007078535
-0.007033275
-0.006973108
-0.00689566
-0.006802845
-0.006691124
-0.006563804
-0.006416477
-0.006255215
-0.006077257
-0.005885152
-0.005680036
-0.005463396
-0.005238346
-0.005004785
-0.004764101
-0.00451714
-0.004266254
-0.004009158
-0.003748175
-0.003484809
-0.003219333
-0.002949721
-0.002676371
-0.002399794
-0.002113775
-0.001830404
-0.001533233
-0.001230881
-0.0009245062
-0.0006047513
-0.0002791245
5.464437E-05
0.0003976741
0.0007506278
0.001112667
0.001481815
0.00185885
0.002243022
0.00263003
0.003021329
0.00341384
0.003806437
0.004197035
0.004582752
0.004960794
0.005325223
0.005681896
0.006020276
0.006345886
0.006650356
0.006936876
0.007198717
0.007437867
0.007655639
0.00784969
0.008020993
0.008169497
0.00829771
0.008398023
0.008482022
0.00854378
0.008587282
0.008616354
0.00862902
0.008620403
0.008596784
0.008558054
0.008502722
0.008433546
0.008351526
0.008257433
0.008150282
0.008032861
0.007906987
0.007774961
0.007638083
0.007497456
0.007354551
0.00720804
0.007066435
0.00692413
0.006782899
0.006640379
0.006503644
0.006369166
0.006236261
0.006102864
0.005965984
0.00582593
0.005682261
0.00553144
0.005372656
0.005207944
0.005035966
0.004858833
0.004677495
0.004482439
0.0042887
0.004086426
0.003879624
0.003667911
0.003454554
0.003237364
0.003016771
0.002796218
0.002575861
0.002354298
0.002130279
0.001910068
0.001691469
0.001476351
0.001265008
0.001059136
0.00085569
0.0006608116
0.0004705341
0.0002886185
0.0001123243
-5.624323E-05
-0.0002165489
-0.0003688522
-0.0005132927
-0.0006491832
-0.0007805285
-0.0009039254
-0.00102263
-0.001130975
-0.001238057
-0.001336023
-0.00143254
-0.001527733
-0.001619377
-0.001708354
-0.001797068
-0.001882254
-0.001967188
-0.002049751
-0.002131351
-0.002207752
-0.002282434
-0.002350493
-0.002414088
-0.002470853
-0.002518176
-0.002556165
-0.002585219
-0.002605458
-0.002616992
-0.002618827
-0.002610219
-0.00259036
-0.002564794
-0.002529988
-0.002489638
-0.002444332
-0.002394695
-0.002340954
-0.002284595
-0.002229127
-0.002174883
-0.002126328
-0.002083314
-0.002051558
-0.002025843
-0.002018501
-0.002029825
-0.002056823
-0.00210363
-0.002173659
-0.002264404
-0.002378258
-0.002515103
-0.00267295
-0.002853306
-0.003054013
-0.003270394
-0.003504147
-0.003749016
-0.004006595
-0.004271801
-0.004541109
-0.004815849
-0.00509207
-0.005367038
-0.005640112
-0.005908045
-0.006168099
-0.006425757
-0.006673635
-0.006912132
-0.007138851
-0.007357408
-0.007571317
-0.007770367
-0.007957608
-0.00814147
-0.008314992
-0.008478095
-0.008635056
-0.008782953
-0.008922687
-0.009056981
-0.009185543
-0.009306446
-0.009420553
-0.009534269
-0.009638532
-0.00973708
-0.009830485
-0.009917804
-0.009997958
-0.01007208
-0.01013795
-0.01019603
-0.01024195
-0.01028173
-0.01030732
-0.01032157
-0.01031989
-0.01030519
-0.01027362
-0.01022457
-0.01015779
-0.01007151
-0.009965239
-0.009836318
-0.00968325
-0.009506766
-0.009304737
-0.009077842
-0.008822507
-0.008543108
-0.008240046
-0.007912825
-0.00756233
-0.007190312
-0.006799485
-0.006389861
-0.005964758
-0.005524778
-0.005070956
-0.004608514
-0.004134998
-0.003654587
-0.003167917
-0.002675808
-0.002178785
-0.00167752
-0.001171028
-0.0006642726
-0.0001512784
0.0003638291
0.0008829933
0.001406976
0.001933166
0.002462726
0.002994575
0.003529053
0.004066391
0.00460737
0.005148629
0.005690459
0.006233194
0.006776169
0.007312354
0.00785218
0.008383669
0.008909326
0.009428015
0.009934803
0.01043297
0.01091555
0.01138454
0.01183854
0.01227017
0.01268463
0.01307996
0.01345247
0.01380187
0.01412786
0.01443005
0.01470841
0.01495914
0.01518617
0.01538502
0.01555567
0.0157
0.01581597
0.0158971
0.01595286
0.01597805
0.01597604
0.01594319
0.01588123
0.01579064
0.01567184
0.01552625
0.01535287
0.01515438
0.0149316
0.01468221
0.01441048
0.0141156
0.01380128
0.01346555
0.01310806
0.0127329
0.01234138
0.01193337
0.01151206
0.0110732
0.01062241
0.0101622
0.009688929
0.009204865
0.008710183
0.00820592
0.007692945
0.007169514
0.006638634
0.00609616
0.005543814
0.004980658
0.004406702
0.003820853
0.003222618
0.002610964
0.001985685
0.001347234
0.000692739
2.415525E-05
-0.0006607061
-0.001359103
-0.002071407
-0.002800718
-0.003542227
-0.004295267
-0.005054655
-0.005830526
-0.006612162
-0.007393983
-0.008182711
-0.008971505
-0.009754134
-0.01053342
-0.01129802
-0.01204827
-0.01278064
-0.01349521
-0.0141799
-0.01483662
-0.01546264
-0.01605239
-0.01660414
-0.01711681
-0.01758874
-0.0180131
-0.0183966
-0.01873452
-0.01902848
-0.01927676
-0.01948136
-0.01964622
-0.01976834
-0.01985228
-0.01989888
-0.01990874
-0.01988596
-0.01982921
-0.01974099
-0.01962428
-0.01947942
-0.01930984
-0.0191154
-0.0188975
-0.01865751
-0.01839599
-0.01811193
-0.01780785
-0.01748629
-0.01714374
-0.01678114
-0.0164022
-0.01600523
-0.01559226
-0.01516401
-0.01472263
-0.01426708
-0.01379793
-0.01332156
-0.01283476
-0.01233972
-0.01183622
-0.01132468
-0.0108082
-0.01028184
-0.009748086
-0.009208786
-0.008657055
-0.008097745
-0.007525523
-0.006944204
-0.006353633
-0.005745977
-0.00513027
-0.004502338
-0.003862612
-0.003212805
-0.002551341
-0.001880278
-0.001200045
-0.0005155204
0.0001804584
0.0008789228
0.001578113
0.002289518
0.002998313
0.003710646
0.004418834
0.005128284
0.005833929
0.00653429
0.007225897
0.007911287
0.008584648
0.009243668
0.009890717
0.0105234
0.01113664
0.01172795
0.01229949
0.01284249
0.01335718
0.01383663
0.01429305
0.01470844
0.01508363
0.0154229
0.01571843
0.01597122
0.01618445
0.01635359
0.01648487
0.01657624
0.01663437
0.01666093
0.01665785
0.01662466
0.01656569
0.01648067
0.01637106
0.01624015
0.01608727
0.01591554
0.0157212
0.01550419
0.01526935
0.01501448
0.01473971
0.01444547
0.01412985
0.01379421
0.01343923
0.01306427
0.01266643
0.01224772
0.01181223
0.01135855
0.01088143
0.01038461
0.009877414
0.009351741
0.008808358
0.008254915
0.007687219
0.007113218
0.00652586
0.005934415
0.005332583
0.004729514
0.004116605
0.003503047
0.002891932
0.002270039
0.001659542
0.001037667
0.0004241433
-0.0001840881
-0.0007915791
-0.00139095
-0.001981957
-0.002566668
-0.003142525
-0.003706901
-0.004264771
-0.004812733
-0.005349302
-0.005874915
-0.006389317
-0.006886106
-0.007376599
-0.007854575
-0.008315948
-0.008770978
-0.009210378
-0.009636229
-0.01004865
-0.01044824
-0.01082905
-0.01119894
-0.01155001
-0.01188392
-0.0121985
-0.01249821
-0.01276975
-0.01302725
-0.01326405
-0.01347637
-0.0136665
-0.01383386
-0.01397691
-0.01409832
-0.01419851
-0.01427423
-0.0143304
-0.01436264
-0.01437985
-0.01437432
-0.01434905
-0.01430167
-0.01423743
-0.01415025
-0.0140471
-0.0139198
-0.01377591
-0.01361213
-0.0134319
-0.01323462
-0.013022
-0.01279447
-0.01255021
-0.01229227
-0.01202788
-0.01174567
-0.01145712
-0.01115835
-0.0108508
-0.0105354
-0.01021075
-0.009879428
-0.009544162
-0.009199635
-0.00884878
-0.008492476
-0.008130202
-0.00776086
-0.007383669
-0.007002023
-0.006615949
-0.006223052
-0.005824512
-0.005421265
-0.005011951
-0.00459996
-0.004184112
-0.003762773
-0.003340214
-0.002916373
-0.00249687
-0.002073865
-0.001656953
-0.001241117
-0.0008350075
-0.0004352548
-4.407261E-05
0.000337097
0.000708765
0.001067017
0.001408661
0.0017388
0.002050022
0.00235032
0.002631717
0.002894369
0.003143608
0.003375574
0.003592168
0.003793575
0.00398413
0.004161464
0.004327291
0.00448162
0.004627122
0.004765087
0.004893124
0.005014195
0.005128036
0.005234876
0.005335686
0.005428061
0.00551378
0.005590984
0.005664159
0.005725965
0.005778983
0.005822496
0.00585557
0.005877102
0.00588784
0.005889481
0.005875972
0.00584943
0.005811254
0.00576124
0.005697452
0.005620757
0.005532191
0.005433424
0.00532098
0.005199156
0.005065562
0.004924754
0.004775902
0.004616405
0.004449284
0.004275572
0.004096783
0.003908812
0.00371776
0.003521838
0.003319951
0.003115747
0.002909057
0.002699562
0.002485307
0.00227507
0.002058873
0.001844146
0.001627066
0.001412153
0.001196498
0.0009819922
0.0007713568
0.0005592516
0.0003546837
0.000146844
-5.290963E-05
-0.0002507146
-0.0004441051
-0.0006341207
-0.0008149805
-0.0009920539
-0.001162316
-0.001323835
-0.001477023
-0.001625042
-0.001763552
-0.001893113
-0.002013884
-0.002126266
-0.002228311
-0.00232197
-0.002407192
-0.002485524
-0.002555575
-0.00262006
-0.002679288
-0.002731976
-0.002776643
-0.002818493
-0.00285169
-0.00288591
-0.002915501
-0.002944331
-0.002969703
-0.002992785
-0.003014183
-0.003032967
-0.003049409
-0.003063555
-0.003076612
-0.003084499
-0.003091647
-0.003095756
-0.003095408
-0.003092281
-0.003084155
-0.003072631
-0.003055668
-0.003035702
-0.003010358
-0.002981769
-0.002943818
-0.0029037
-0.002859517
-0.002808932
-0.002753651
-0.002692912
-0.002629631
-0.002566403
-0.002495289
-0.002421126
-0.002341945
-0.002258314
-0.0021736
-0.002085684
-0.001992498
-0.001898885
-0.001803547
-0.001705439
-0.001605357
-0.001501051
-0.001398766
-0.001292758
-0.001188413
-0.001084007
-0.0009803574
-0.0008755386
-0.0007742728
-0.0006731088
-0.0005727338
-0.000476706
-0.0003821598
-0.0002930378
-0.0002070001
-0.0001248634
-4.992442E-05
2.14288E-05
8.826347E-05
0.0001484289
0.0002046541
0.000254921
0.0002992562
0.0003419531
0.0003758777
0.000407417
0.0004304993
0.0004535234
0.0004715593
0.0004875552
0.0004981193
0.000509382
0.0005156954
0.0005215889
0.0005221174
0.0005326638
0.0005347899
0.000533384
0.0005329062
0.00053144
0.0005291252
0.0005261519
0.0005188058
0.0005140962
0.0005056165
0.0004938575
0.0004850655
0.0004682231
0.0004508889
0.0004313209
0.0004118826
0.0003845943
0.0003604992
0.0003289818
0.0002975278
0.0002620479
0.0002242314
0.0001863323
0.0001457477
0.0001033079
5.916182E-05
1.225718E-05
-3.373076E-05
-8.223217E-05
-0.0001316656
-0.0001826831
-0.0002336383
-0.0002855271
-0.0003369153
-0.0003887778
-0.000443508
-0.0004981788
-0.0005518689
-0.0006031236
-0.0006578058
-0.0007106534
-0.000764775
-0.0008193901
-0.0008717853
-0.0009224751
-0.0009723174
-0.001020006
-0.001067565
-0.001111788
-0.001154279
-0.001193132
-0.001232263
-0.001267578
-0.001300103
-0.001331938
-0.001357813
-0.001385133
-0.00140745
-0.001424554
-0.001443567
-0.001461267
-0.001471575
-0.001480894
-0.001491991
-0.001499218
-0.001503687
-0.001505182
-0.001505011
-0.001504596
-0.001499271
-0.001494794
-0.001489132
-0.001481697
-0.001471327
-0.001467383
-0.001455876
-0.00145238
-0.001433392
-0.001424018
-0.001411868
-0.001401355
-0.001387167
-0.001373855
-0.001354253
-0.001333769
-0.00131444
-0.001290727
-0.001263955
-0.001236595
-0.001207344
-0.001176487
-0.001144146
-0.001109347
-0.001075133
-0.001039588
-0.00100265
-0.0009650185
-0.0009260536
-0.000887397
-0.0008479485
-0.0008069925
-0.0007681516
-0.0007290459
-0.0006890042
-0.0006482077
-0.0006099972
-0.0005700539
-0.0005339053
-0.0004937677
-0.0004544723
-0.0004147336
-0.0003763267
-0.000339252
-0.000300897
-0.0002635859
-0.0002285418
-0.0001915231
-0.0001571002
-0.0001226547
-8.951678E-05
-5.552806E-05
-2.627438E-05
4.277612E-06
3.246122E-05
5.764944E-05
8.315179E-05
0.0001052879
0.000125682
0.0001436537
0.0001587022
0.0001716742
0.0001818422
0.000190252
0.0001975949
0.0002007427
0.0002006779
0.0002004709
0.0002005556
0.0001949681
0.0001907404
0.0001821787
0.0001728378
0.0001632312
0.0001520062
0.0001392194
0.0001299589
0.0001092567
9.90247E-05
8.283169E-05
6.160296E-05
4.297954E-05
2.452037E-05
3.475596E-06
-1.846875E-05
-4.177677E-05
-6.46523E-05
-9.076967E-05
-0.0001158593
-0.0001411478
-0.0001695136
-0.0002004313
-0.0002301204
-0.0002598749
-0.0002889894
-0.00032266
-0.0003538734
-0.0003865262
-0.0004185131
-0.0004541704
-0.0004877736
-0.0005214686
-0.0005554571
-0.0005893743
-0.0006222432
-0.0006543965
-0.0006883797
-0.0007191367
-0.0007502597
-0.0007830297
-0.0008151195
-0.0008473194
-0.0008739899
-0.0009063493
-0.0009328575
-0.000958658
-0.0009845494
-0.001008069
-0.001030988
-0.001054603
-0.001075803
-0.001097249
-0.001113629
-0.001130915
-0.001145802
-0.001158945
-0.001167746
-0.001176685
-0.001184404
-0.001189703
-0.001190574
-0.001192882
-0.001192507
-0.001189279
-0.001180373
-0.001176353
-0.001166548
-0.001156296
-0.001144442
-0.00112938
-0.001112782
-0.001100816
-0.001081353
-0.001055962
-0.001037336
-0.001020957
-0.0009989741
-0.0009765128
-0.0009484236
-0.0009236132
-0.0009002447
-0.0008768926
-0.0008528317
-0.0008259529
-0.0007996149
-0.0007756796
-0.0007477215
-0.0007227117
-0.0006946888
-0.0006691343
-0.0006415632
-0.0006183625
-0.0005891406
-0.0005627075
-0.0005336662
-0.0005085773
-0.000484087
-0.0004535995
-0.0004278465
-0.0004029059
-0.000374757
-0.0003505955
-0.0003295083
-0.0003050001
-0.0002816615
-0.0002592026
-0.0002427492
-0.0002228928
-0.0002015361
-0.0001844567
-0.0001672512
-0.0001535496
-0.0001403698
-0.0001301374
-0.0001199426
-0.0001107867
-0.0001029028
-9.595519E-05
-9.624533E-05
-8.962087E-05
-9.061895E-05
-8.845853E-05
-9.33212E-05
-9.789225E-05
-0.0001031008
-0.0001063702
-0.0001182198
-0.0001241575
-0.0001365118
-0.000149104
-0.0001612987
-0.0001757537
-0.0001894522
-0.000211278
-0.0002254735
-0.0002460947
-0.0002667867
-0.0002866171
-0.000306086
-0.0003290254
-0.0003518041
-0.000377993
-0.0003966411
-0.0004220772
-0.0004525234
-0.0004800019
-0.0004980105
-0.0005204923
-0.0005520101
-0.0005755671
-0.0006022884
-0.0006193623
-0.0006439264
-0.0006681574
-0.0006832026
-0.0007075179
-0.0007271112
-0.0007487409
-0.0007620255
-0.0007804721
-0.0007988065
-0.0008142458
-0.000831958
-0.000846462
-0.0008561757
-0.0008701596
-0.0008809421
-0.00089269
-0.0009007803
-0.0009095424
-0.0009135728
-0.0009187969
-0.0009296319
-0.0009327996
-0.0009336858
-0.0009388418
-0.0009392158
-0.0009360292
-0.0009419659
-0.0009327857
-0.0009278764
-0.0009236268
-0.000921961
-0.0009195625
-0.0009077396
-0.0008926453
-0.0008820054
-0.0008706102
-0.0008645996
-0.0008516796
-0.000835156
-0.000813737
