  9.0521359e+001  3.7385649e-004  9.3319187e+001  1.1012625e-002  1.0000000e+000  5.5063125e-002 -1.6255224e+001 -6.7134667e-005 -1.7047417e+001 -1.0637656e-002 -1.0000000e+000 -5.3188282e-002  1.9918156e-002 -1.9678093e-002
  1.7910100e+002  7.3969364e-004  1.8574338e+002  9.5064108e-003  1.0000000e+000  4.7532054e-002 -1.6300746e+001 -6.7322673e-005 -1.7490774e+001 -9.5098934e-003 -1.0000000e+000 -4.7549467e-002  1.7152705e-002 -1.7579152e-002
  2.2362619e+002  1.2938262e-003  2.3095160e+002  1.1623287e-002  1.0000000e+000  5.8116434e-002 -1.6499483e+001 -9.5460480e-005 -1.8178091e+001 -1.1869295e-002 -1.0000000e+000 -5.9346473e-002  2.0962354e-002 -2.1917495e-002
  2.0153829e+002  1.1660330e-003  2.0877815e+002  1.1936732e-002  1.0000000e+000  5.9683659e-002 -1.6481608e+001 -9.5357057e-005 -1.8063039e+001 -1.2088672e-002 -1.0000000e+000 -6.0443360e-002  2.1532077e-002 -2.2326387e-002
  1.3782652e+002  4.5302631e-004  1.4279533e+002  1.0997894e-002  1.0000000e+000  5.4989472e-002 -1.6486615e+001 -5.4190373e-005 -1.7754430e+001 -1.0766398e-002 -1.0000000e+000 -5.3831992e-002  1.9858259e-002 -1.9893597e-002
  1.3782652e+002  4.5302631e-004  1.4279533e+002  1.0997894e-002  1.0000000e+000  5.4989472e-002 -1.6486615e+001 -5.4190373e-005 -1.7754430e+001 -1.0766398e-002 -1.0000000e+000 -5.3831992e-002  1.9858259e-002 -1.9893597e-002
  3.3262620e+002  1.7443644e-003  3.3788814e+002  1.1414655e-002  1.0000000e+000  5.7073274e-002 -4.9277067e+001 -2.5841970e-004 -5.1832367e+001 -1.1473928e-002 -1.0000000e+000 -5.7369639e-002  2.0573485e-002 -2.0833647e-002
  1.8999305e+002  9.9636502e-004  1.9712256e+002  1.4511709e-002  1.0000000e+000  7.2558544e-002 -8.1463727e+001 -4.2721356e-004 -8.3546356e+001 -2.0521029e-002 -1.0000000e+000 -1.0260514e-001  2.6180270e-002 -3.7136732e-002
  9.0521359e+001  3.7385649e-004  9.3319187e+001  1.1012625e-002  1.0000000e+000  5.5063125e-002 -1.6255224e+001 -6.7134667e-005 -1.7047417e+001 -1.0637656e-002 -1.0000000e+000 -5.3188282e-002  1.9918156e-002 -1.9678093e-002
  9.0521359e+001  3.7385649e-004  9.3319187e+001  1.1012625e-002  1.0000000e+000  5.5063125e-002 -1.6255224e+001 -6.7134667e-005 -1.7047417e+001 -1.0637656e-002 -1.0000000e+000 -5.3188282e-002  1.9918156e-002 -1.9678093e-002
  1.6548823e+002  1.0878969e-003  1.7160166e+002  1.3752549e-002  1.0000000e+000  6.8762744e-002 -1.6510681e+001 -1.0853895e-004 -1.7978600e+001 -1.3757926e-002 -1.0000000e+000 -6.8789628e-002  2.4819078e-002 -2.5412514e-002
  1.6548823e+002  1.0878969e-003  1.7160166e+002  1.3752549e-002  1.0000000e+000  6.8762744e-002 -1.6510681e+001 -1.0853895e-004 -1.7978600e+001 -1.3757926e-002 -1.0000000e+000 -6.8789628e-002  2.4819078e-002 -2.5412514e-002
  3.7475839e+002  2.0489963e-003  3.7612932e+002  1.2363614e-002  1.0000000e+000  6.1818068e-002 -1.7088336e+001 -9.3430697e-005 -2.0428803e+001 -1.3081224e-002 -1.0000000e+000 -6.5406122e-002  2.2280871e-002 -2.4084836e-002
  2.2713595e+002  1.4931606e-003  2.3439253e+002  1.2707018e-002  1.0000000e+000  6.3535088e-002 -1.6570736e+001 -1.0893375e-004 -1.8381294e+001 -1.3021462e-002 -1.0000000e+000 -6.5107311e-002  2.2916188e-002 -2.4037964e-002
  1.1907391e+002  5.5113739e-004  1.2321105e+002  1.2366827e-002  1.0000000e+000  6.1834133e-002 -1.6404086e+001 -7.5926837e-005 -1.7505139e+001 -1.2087408e-002 -1.0000000e+000 -6.0437039e-002  2.2341242e-002 -2.2343208e-002
  1.1907391e+002  5.5113739e-004  1.2321105e+002  1.2366827e-002  1.0000000e+000  6.1834133e-002 -1.6404086e+001 -7.5926837e-005 -1.7505139e+001 -1.2087408e-002 -1.0000000e+000 -6.0437039e-002  2.2341242e-002 -2.2343208e-002
  2.0619751e+002  1.1894792e-003  2.1399031e+002  1.5551883e-002  1.0000000e+000  7.7759415e-002 -1.0767665e+002 -6.2114783e-004 -1.1016606e+002 -2.0503510e-002 -1.0000000e+000 -1.0251755e-001  2.8051803e-002 -3.7056573e-002
  2.2655965e+002  1.2603976e-003  2.3482965e+002  1.2890367e-002  1.0000000e+000  6.4451834e-002 -3.3152658e+001 -1.8443501e-004 -3.5197763e+001 -1.3054525e-002 -1.0000000e+000 -6.5272626e-002  2.3246762e-002 -2.3803534e-002
  1.4753313e+002  8.1089836e-004  1.5275214e+002  1.3595971e-002  1.0000000e+000  6.7979855e-002 -4.7555232e+001 -2.6138170e-004 -4.8977848e+001 -2.1127692e-002 -1.0000000e+000 -1.0563846e-001  2.4544422e-002 -3.8382137e-002
  2.3031442e+002  1.2658960e-003  2.3750577e+002  1.1321079e-002  1.0000000e+000  5.6605394e-002 -1.6503085e+001 -9.0707254e-005 -1.8233975e+001 -1.1569249e-002 -1.0000000e+000 -5.7846246e-002  2.0416236e-002 -2.1361693e-002
  1.8810671e+002  1.1629627e-003  1.9502369e+002  1.2749654e-002  1.0000000e+000  6.3748271e-002 -1.6518389e+001 -1.0212433e-004 -1.8049417e+001 -1.2857567e-002 -1.0000000e+000 -6.4287833e-002  2.3001947e-002 -2.3746928e-002
  8.0833067e+001  6.1204641e-004  8.3252380e+001  1.4247752e-002  1.0000000e+000  7.1238759e-002 -1.6246659e+001 -1.2301536e-004 -1.6978907e+001 -1.3773658e-002 -1.0000000e+000 -6.8868291e-002  2.5784529e-002 -2.5482177e-002
  8.0833067e+001  5.5640583e-004  8.3252380e+001  1.3732888e-002  1.0000000e+000  6.8664439e-002 -1.6246659e+001 -1.1183215e-004 -1.6978907e+001 -1.3261991e-002 -1.0000000e+000 -6.6309957e-002  2.4852766e-002 -2.4535560e-002
  1.8814328e+002  1.0885340e-003  1.9502559e+002  1.2141910e-002  1.0000000e+000  6.0709551e-002 -1.6479751e+001 -9.5346318e-005 -1.7973271e+001 -1.2234169e-002 -1.0000000e+000 -6.1170844e-002  2.1905502e-002 -2.2598136e-002
  2.6686960e+002  2.7990448e-004  2.7766458e+002  1.0934055e-002  1.0000000e+000  5.4670274e-002 -1.6044727e+002 -1.6828411e-004 -1.6387938e+002 -1.3498811e-002 -1.0000000e+000 -6.7494054e-002  1.9712916e-002 -2.4364160e-002
  2.4642242e+002  2.9477338e-004  2.5563531e+002  8.9256465e-003  1.0000000e+000  4.4628232e-002 -4.8918298e+001 -5.8516640e-005 -5.0706705e+001 -1.6446540e-002 -1.0000000e+000 -8.2232700e-002  1.6094206e-002 -2.9868469e-002
  3.2461332e+002  1.7023431e-004  3.2472313e+002  6.2078253e-003  1.0000000e+000  3.1039126e-002 -3.3164371e+001 -1.7392120e-005 -3.5605333e+001 -6.1304070e-003 -1.0000000e+000 -3.0652035e-002  1.1189427e-002 -1.1176454e-002
  3.2461332e+002  1.7023431e-004  3.2472313e+002  6.2078253e-003  1.0000000e+000  3.1039126e-002 -3.3164371e+001 -1.7392120e-005 -3.5605333e+001 -6.1304070e-003 -1.0000000e+000 -3.0652035e-002  1.1189427e-002 -1.1176454e-002
