  2.0000000e-001  4.1803385e-003
  2.0000000e-001  4.1803385e-003
  2.7500000e-001  4.9734848e-003
  2.7500000e-001  4.9734848e-003
  3.1250000e-001  5.2526042e-003
  3.1250000e-001  5.2526042e-003
  3.5000000e-001  5.4869792e-003
  3.5000000e-001  5.4869792e-003
  2.0000000e-001  4.1803385e-003
  2.0000000e-001  4.1803385e-003
  3.1250000e-001  5.2526042e-003
  3.1250000e-001  5.2526042e-003
  5.3750000e-001  6.3154675e-003
  3.1250000e-001  5.2526042e-003
  2.7500000e-001  4.9734848e-003
  2.7500000e-001  4.9734848e-003
  3.5000000e-001  5.4869792e-003
  3.8750000e-001  5.6896001e-003
  2.7500000e-001  4.9734848e-003
  2.7500000e-001  4.9734848e-003
  2.9375000e-001  5.1197086e-003
  2.0000000e-001  4.1803385e-003
  2.0000000e-001  4.1803385e-003
  2.7500000e-001  4.9734848e-003
  3.5000000e-001  5.4869792e-003
  2.5625000e-001  4.8110074e-003
  3.5000000e-001  5.4869792e-003
  3.5000000e-001  5.4869792e-003
