  4.2395791e+001  2.0612028e-003  4.3711524e+001  2.2038797e-002  1.0000000e+000  7.2849180e-002 -4.2395791e+001 -2.0612028e-003 -4.3711524e+001 -2.2038797e-002 -1.0000000e+000 -7.2849180e-002  3.4500000e-002
  4.1211296e+001  2.0036148e-003  4.2658596e+001  2.2696385e-002  1.0000000e+000  7.3965684e-002 -4.1211296e+001 -2.0036148e-003 -4.2658596e+001 -2.2696385e-002 -1.0000000e+000 -7.3965684e-002  3.5200000e-002
  5.8295139e+001  2.8341988e-003  5.7911454e+001  1.4965801e-002  1.0000000e+000  6.1154217e-002 -5.8295139e+001 -2.8341988e-003 -5.7911454e+001 -1.4965801e-002 -1.0000000e+000 -6.1154217e-002  2.7200000e-002
  5.1005081e+001  2.4797701e-003  5.1988658e+001  1.7720230e-002  1.0000000e+000  6.4796952e-002 -5.1005081e+001 -2.4797701e-003 -5.1988658e+001 -1.7720230e-002 -1.0000000e+000 -6.4796952e-002  2.9800000e-002
  2.8315618e+001  1.3766515e-003  2.9505717e+001  3.1723348e-002  1.0000000e+000  9.5486494e-002 -2.8315618e+001 -1.3766515e-003 -2.9505717e+001 -3.1723348e-002 -1.0000000e+000 -9.5486494e-002  4.6300000e-002
  2.1261470e+002  3.8284898e-004  2.6017607e+002  2.4417151e-002  1.0000000e+000  5.4799923e-002 -2.1261470e+002 -3.8284898e-004 -2.6017607e+002 -2.4417151e-002 -1.0000000e+000 -5.4799923e-002  3.0900000e-002
  3.3264382e+001  1.6172510e-003  3.4705698e+001  2.6882749e-002  1.0000000e+000  8.3697147e-002 -3.3264382e+001 -1.6172510e-003 -3.4705698e+001 -2.6882749e-002 -1.0000000e+000 -8.3697147e-002  4.0200000e-002
  2.6731214e+001  1.2996208e-003  2.7836854e+001  3.3100379e-002  1.0000000e+000  1.0058573e-001 -2.6731214e+001 -1.2996208e-003 -2.7836854e+001 -3.3100379e-002 -1.0000000e+000 -1.0058573e-001  4.8400000e-002
  3.5773249e+001  1.7392273e-003  3.7304266e+001  2.5660773e-002  1.0000000e+000  8.0646201e-002 -3.5773249e+001 -1.7392273e-003 -3.7304266e+001 -2.5660773e-002 -1.0000000e+000 -8.0646201e-002  3.8700000e-002
  3.5773249e+001  1.8973389e-003  3.7304266e+001  2.5502661e-002  1.0000000e+000  8.0488089e-002 -3.5773249e+001 -1.8973389e-003 -3.7304266e+001 -2.5502661e-002 -1.0000000e+000 -8.0488089e-002  3.8700000e-002
  3.4916663e+001  1.8519074e-003  3.6421850e+001  2.5948093e-002  1.0000000e+000  8.1383098e-002 -3.4916663e+001 -1.8519074e-003 -3.6421850e+001 -2.5948093e-002 -1.0000000e+000 -8.1383098e-002  3.9200000e-002
  4.7947921e+001  2.5430583e-003  4.9142155e+001  1.8956942e-002  1.0000000e+000  6.6959834e-002 -4.7947921e+001 -2.5430583e-003 -4.9142155e+001 -1.8956942e-002 -1.0000000e+000 -6.6959834e-002  3.1300000e-002
  4.2240800e+001  2.2403644e-003  4.3572980e+001  2.1959636e-002  1.0000000e+000  7.2766235e-002 -4.2240800e+001 -2.2403644e-003 -4.3572980e+001 -2.1959636e-002 -1.0000000e+000 -7.2766235e-002  3.4600000e-002
  2.5975766e+001  1.3777008e-003  2.7043579e+001  3.3322299e-002  1.0000000e+000  1.0265993e-001 -2.5975766e+001 -1.3777008e-003 -2.7043579e+001 -3.3322299e-002 -1.0000000e+000 -1.0265993e-001  4.9100000e-002
  1.8953684e+002  3.7232003e-004  2.3454063e+002  2.4527680e-002  1.0000000e+000  5.3901902e-002 -1.8953684e+002 -3.7232003e-004 -2.3454063e+002 -2.4527680e-002 -1.0000000e+000 -5.3901902e-002  3.0800000e-002
  2.9325579e+001  1.5553679e-003  3.0570349e+001  3.0344632e-002  1.0000000e+000  9.2251100e-002 -2.9325579e+001 -1.5553679e-003 -3.0570349e+001 -3.0344632e-002 -1.0000000e+000 -9.2251100e-002  4.4700000e-002
  2.4833252e+001  1.3171042e-003  2.5843599e+001  3.3382896e-002  1.0000000e+000  1.0548082e-001 -2.4833252e+001 -1.3171042e-003 -2.5843599e+001 -3.3382896e-002 -1.0000000e+000 -1.0548082e-001  4.9700000e-002
  3.1315167e+001  1.6608915e-003  3.2666579e+001  2.7839108e-002  1.0000000e+000  8.6002369e-002 -3.1315167e+001 -1.6608915e-003 -3.2666579e+001 -2.7839108e-002 -1.0000000e+000 -8.6002369e-002  4.1500000e-002
  2.8682468e+001  1.5212586e-003  2.9894002e+001  3.1178741e-002  1.0000000e+000  9.4004392e-002 -2.8682468e+001 -1.5212586e-003 -2.9894002e+001 -3.1178741e-002 -1.0000000e+000 -9.4004392e-002  4.5700000e-002
  2.8040045e+001  1.4871859e-003  2.9211606e+001  3.1812814e-002  1.0000000e+000  9.6519205e-002 -2.8040045e+001 -1.4871859e-003 -2.9211606e+001 -3.1812814e-002 -1.0000000e+000 -9.6519205e-002  4.6700000e-002
  3.6027128e+001  1.9108041e-003  3.7566730e+001  2.5389196e-002  1.0000000e+000  7.9898515e-002 -3.6027128e+001 -1.9108041e-003 -3.7566730e+001 -2.5389196e-002 -1.0000000e+000 -7.9898515e-002  3.8500000e-002
  3.2298270e+001  1.7130333e-003  3.3690971e+001  2.7186967e-002  1.0000000e+000  8.4920915e-002 -3.2298270e+001 -1.7130333e-003 -3.3690971e+001 -2.7186967e-002 -1.0000000e+000 -8.4920915e-002  4.0800000e-002
  2.3290846e+001  1.2352982e-003  2.4223126e+001  3.2864702e-002  1.0000000e+000  1.0908271e-001 -2.3290846e+001 -1.2352982e-003 -2.4223126e+001 -3.2864702e-002 -1.0000000e+000 -1.0908271e-001  5.0000000e-002
  1.6485990e+002  3.2384545e-004  2.0722996e+002  2.4676155e-002  1.0000000e+000  5.3038626e-002 -1.6485990e+002 -3.2384545e-004 -2.0722996e+002 -2.4676155e-002 -1.0000000e+000 -5.3038626e-002  3.0700000e-002
  2.5029538e+001  1.3275148e-003  2.6044467e+001  3.3372485e-002  1.0000000e+000  1.0501199e-001 -2.5029538e+001 -1.3275148e-003 -2.6044467e+001 -3.3372485e-002 -1.0000000e+000 -1.0501199e-001  4.9600000e-002
  2.2603010e+001  1.1988168e-003  2.3509178e+001  3.2501183e-002  1.0000000e+000  1.1053445e-001 -2.2603010e+001 -1.1988168e-003 -2.3509178e+001 -3.2501183e-002 -1.0000000e+000 -1.1053445e-001  5.0000000e-002
  2.6166192e+001  1.3878006e-003  2.7239658e+001  3.3212199e-002  1.0000000e+000  1.0208735e-001 -2.6166192e+001 -1.3878006e-003 -2.7239658e+001 -3.3212199e-002 -1.0000000e+000 -1.0208735e-001  4.8900000e-002
