  3.0001276e+001  1.4586050e-003  3.3583330e+001  2.2641395e-002  1.0000000e+000  7.3093008e-002 -3.0001276e+001 -1.4586050e-003 -3.3583330e+001 -2.2641395e-002 -1.0000000e+000 -7.3093008e-002  3.4500000e-002
  2.8869718e+001  1.4035908e-003  3.2356497e+001  2.3296409e-002  1.0000000e+000  7.4173860e-002 -2.8869718e+001 -1.4035908e-003 -3.2356497e+001 -2.3296409e-002 -1.0000000e+000 -7.4173860e-002  3.5200000e-002
  4.5604606e+001  2.2172092e-003  4.6808660e+001  1.5582791e-002  1.0000000e+000  6.1578703e-002 -4.5604606e+001 -2.2172092e-003 -4.6808660e+001 -1.5582791e-002 -1.0000000e+000 -6.1578703e-002  2.7200000e-002
  3.8304287e+001  1.8622816e-003  4.1242278e+001  1.8337718e-002  1.0000000e+000  6.5173864e-002 -3.8304287e+001 -1.8622816e-003 -4.1242278e+001 -1.8337718e-002 -1.0000000e+000 -6.5173864e-002  2.9800000e-002
  1.6445786e+001  7.9956285e-004  1.8055889e+001  3.2300437e-002  1.0000000e+000  9.4645120e-002 -1.6445786e+001 -7.9956285e-004 -1.8055889e+001 -3.2300437e-002 -1.0000000e+000 -9.4645120e-002  4.6300000e-002
  4.5137044e+001  7.3149242e-004  5.2919609e+001  2.8068508e-002  1.0000000e+000  1.0312292e-001 -4.5137044e+001 -7.3149242e-004 -5.2919609e+001 -2.8068508e-002 -1.0000000e+000 -1.0312292e-001  4.4100000e-002
  2.1251722e+001  1.0332183e-003  2.3557861e+001  2.7466782e-002  1.0000000e+000  8.3483534e-002 -2.1251722e+001 -1.0332183e-003 -2.3557861e+001 -2.7466782e-002 -1.0000000e+000 -8.3483534e-002  4.0200000e-002
  1.4887365e+001  7.2379538e-004  1.6303370e+001  3.3676205e-002  1.0000000e+000  9.9382614e-002 -1.4887365e+001 -7.2379538e-004 -1.6303370e+001 -3.3676205e-002 -1.0000000e+000 -9.9382614e-002  4.8400000e-002
  2.3661710e+001  1.1503874e-003  2.6352204e+001  2.6249613e-002  1.0000000e+000  8.0605579e-002 -2.3661710e+001 -1.1503874e-003 -2.6352204e+001 -2.6249613e-002 -1.0000000e+000 -8.0605579e-002  3.8700000e-002
  2.3661710e+001  1.2549680e-003  2.6352204e+001  2.6145032e-002  1.0000000e+000  8.0500999e-002 -2.3661710e+001 -1.2549680e-003 -2.6352204e+001 -2.6145032e-002 -1.0000000e+000 -8.0500999e-002  3.8700000e-002
  2.2839554e+001  1.2113626e-003  2.5399372e+001  2.6588637e-002  1.0000000e+000  8.1344487e-002 -2.2839554e+001 -1.2113626e-003 -2.5399372e+001 -2.6588637e-002 -1.0000000e+000 -8.1344487e-002  3.9200000e-002
  3.5327561e+001  1.8737006e-003  3.8536474e+001  1.9626299e-002  1.0000000e+000  6.7354777e-002 -3.5327561e+001 -1.8737006e-003 -3.8536474e+001 -1.9626299e-002 -1.0000000e+000 -6.7354777e-002  3.1300000e-002
  2.9852248e+001  1.5833013e-003  3.3429359e+001  2.2616699e-002  1.0000000e+000  7.3061180e-002 -2.9852248e+001 -1.5833013e-003 -3.3429359e+001 -2.2616699e-002 -1.0000000e+000 -7.3061180e-002  3.4600000e-002
  1.4144501e+001  7.5019498e-004  1.5475207e+001  3.3949805e-002  1.0000000e+000  1.0129720e-001 -1.4144501e+001 -7.5019498e-004 -1.5475207e+001 -3.3949805e-002 -1.0000000e+000 -1.0129720e-001  4.9100000e-002
  3.7569810e+001  6.6420827e-004  4.4226579e+001  3.0535792e-002  1.0000000e+000  1.1312518e-001 -3.7569810e+001 -6.6420827e-004 -4.4226579e+001 -3.0535792e-002 -1.0000000e+000 -1.1312518e-001  4.8100000e-002
  1.7429784e+001  9.2443960e-004  1.9176122e+001  3.0975560e-002  1.0000000e+000  9.1638076e-002 -1.7429784e+001 -9.2443960e-004 -1.9176122e+001 -3.0975560e-002 -1.0000000e+000 -9.1638076e-002  4.4700000e-002
  1.3006995e+001  6.8986403e-004  1.4222259e+001  3.4010136e-002  1.0000000e+000  1.0373671e-001 -1.3006995e+001 -6.8986403e-004 -1.4222259e+001 -3.4010136e-002 -1.0000000e+000 -1.0373671e-001  4.9700000e-002
  1.9367592e+001  1.0272169e-003  2.1385633e+001  2.8472783e-002  1.0000000e+000  8.5667161e-002 -1.9367592e+001 -1.0272169e-003 -2.1385633e+001 -2.8472783e-002 -1.0000000e+000 -8.5667161e-002  4.1500000e-002
  1.6806126e+001  8.9136206e-004  1.8461429e+001  3.1808638e-002  1.0000000e+000  9.3287784e-002 -1.6806126e+001 -8.9136206e-004 -1.8461429e+001 -3.1808638e-002 -1.0000000e+000 -9.3287784e-002  4.5700000e-002
  1.6171014e+001  8.5767707e-004  1.7749154e+001  3.2442323e-002  1.0000000e+000  9.5667495e-002 -1.6171014e+001 -8.5767707e-004 -1.7749154e+001 -3.2442323e-002 -1.0000000e+000 -9.5667495e-002  4.6700000e-002
  2.3904432e+001  1.2678415e-003  2.6637035e+001  2.6032159e-002  1.0000000e+000  7.9929822e-002 -2.3904432e+001 -1.2678415e-003 -2.6637035e+001 -2.6032159e-002 -1.0000000e+000 -7.9929822e-002  3.8500000e-002
  2.0318025e+001  1.0776259e-003  2.2476961e+001  2.7822374e-002  1.0000000e+000  8.4675219e-002 -2.0318025e+001 -1.0776259e-003 -2.2476961e+001 -2.7822374e-002 -1.0000000e+000 -8.4675219e-002  4.0800000e-002
  1.1464149e+001  6.0803469e-004  1.2537853e+001  3.3491965e-002  1.0000000e+000  1.0665117e-001 -1.1464149e+001 -6.0803469e-004 -1.2537853e+001 -3.3491965e-002 -1.0000000e+000 -1.0665117e-001  5.0000000e-002
  2.9389183e+001  5.1958043e-004  3.5009902e+001  3.1780420e-002  1.0000000e+000  1.2066687e-001 -2.9389183e+001 -5.1958043e-004 -3.5009902e+001 -3.1780420e-002 -1.0000000e+000 -1.2066687e-001  5.0600000e-002
  1.3197462e+001  6.9996599e-004  1.4430850e+001  3.4000034e-002  1.0000000e+000  1.0333748e-001 -1.3197462e+001 -6.9996599e-004 -1.4430850e+001 -3.4000034e-002 -1.0000000e+000 -1.0333748e-001  4.9600000e-002
  1.0776580e+001  5.7156747e-004  1.1792728e+001  3.3128433e-002  1.0000000e+000  1.0771739e-001 -1.0776580e+001 -5.7156747e-004 -1.1792728e+001 -3.3128433e-002 -1.0000000e+000 -1.0771739e-001  5.0000000e-002
  1.4331235e+001  7.6009895e-004  1.5681746e+001  3.3839901e-002  1.0000000e+000  1.0078046e-001 -1.4331235e+001 -7.6009895e-004 -1.5681746e+001 -3.3839901e-002 -1.0000000e+000 -1.0078046e-001  4.8900000e-002
